0 3 2 14 1 0 0 28
0 0 0 0 6 0
1 0 1 0 7 25
2 0 0 0 8 50
3 0 1 0 10 15
4 0 0 1 6 0
5 0 1 1 7 25
6 0 0 1 8 50
7 0 1 1 10 15
8 0 0 2 6 0
9 0 1 2 7 25
10 0 0 2 8 50
11 0 1 2 10 15
12 0 0 3 6 0
13 0 1 3 7 25
14 0 0 3 8 50
15 0 1 3 10 15
16 0 0 4 6 0
17 0 1 4 7 25
18 0 0 4 8 50
19 0 1 4 10 15
20 0 0 5 6 0
21 0 1 5 7 25
22 0 0 5 8 50
23 0 1 5 10 15
24 0 0 6 6 0
25 0 1 6 7 25
26 0 0 6 8 50
27 0 1 6 10 15
1 0 3 3 0 0 0 28
0 0 0 0 6 15
1 0 1 0 7 40
2 0 0 0 9 5
3 0 1 0 10 30
4 0 0 1 6 15
5 0 1 1 7 40
6 0 0 1 9 5
7 0 1 1 10 30
8 0 0 2 6 15
9 0 1 2 7 40
10 0 0 2 9 5
11 0 1 2 10 30
12 0 0 3 6 15
13 0 1 3 7 40
14 0 0 3 9 5
15 0 1 3 10 30
16 0 0 4 6 15
17 0 1 4 7 40
18 0 0 4 9 5
19 0 1 4 10 30
20 0 0 5 6 15
21 0 1 5 7 40
22 0 0 5 9 5
23 0 1 5 10 30
24 0 0 6 6 15
25 0 1 6 7 40
26 0 0 6 9 5
27 0 1 6 10 30
2 0 3 3 0 0 0 28
0 0 0 0 6 30
1 0 1 0 7 55
2 0 0 0 9 20
3 0 1 0 10 45
4 0 0 1 6 30
5 0 1 1 7 55
6 0 0 1 9 20
7 0 1 1 10 45
8 0 0 2 6 30
9 0 1 2 7 55
10 0 0 2 9 20
11 0 1 2 10 45
12 0 0 3 6 30
13 0 1 3 7 55
14 0 0 3 9 20
15 0 1 3 10 45
16 0 0 4 6 30
17 0 1 4 7 55
18 0 0 4 9 20
19 0 1 4 10 45
20 0 0 5 6 30
21 0 1 5 7 55
22 0 0 5 9 20
23 0 1 5 10 45
24 0 0 6 6 30
25 0 1 6 7 55
26 0 0 6 9 20
27 0 1 6 10 45
3 0 3 3 0 0 0 28
0 0 0 0 6 45
1 0 1 0 8 10
2 0 0 0 9 35
3 0 1 0 11 0
4 0 0 1 6 45
5 0 1 1 8 10
6 0 0 1 9 35
7 0 1 1 11 0
8 0 0 2 6 45
9 0 1 2 8 10
10 0 0 2 9 35
11 0 1 2 11 0
12 0 0 3 6 45
13 0 1 3 8 10
14 0 0 3 9 35
15 0 1 3 11 0
16 0 0 4 6 45
17 0 1 4 8 10
18 0 0 4 9 35
19 0 1 4 11 0
20 0 0 5 6 45
21 0 1 5 8 10
22 0 0 5 9 35
23 0 1 5 11 0
24 0 0 6 6 45
25 0 1 6 8 10
26 0 0 6 9 35
27 0 1 6 11 0
4 0 3 3 0 0 0 28
0 0 0 0 7 0
1 0 1 0 8 25
2 0 0 0 9 50
3 0 1 0 11 15
4 0 0 1 7 0
5 0 1 1 8 25
6 0 0 1 9 50
7 0 1 1 11 15
8 0 0 2 7 0
9 0 1 2 8 25
10 0 0 2 9 50
11 0 1 2 11 15
12 0 0 3 7 0
13 0 1 3 8 25
14 0 0 3 9 50
15 0 1 3 11 15
16 0 0 4 7 0
17 0 1 4 8 25
18 0 0 4 9 50
19 0 1 4 11 15
20 0 0 5 7 0
21 0 1 5 8 25
22 0 0 5 9 50
23 0 1 5 11 15
24 0 0 6 7 0
25 0 1 6 8 25
26 0 0 6 9 50
27 0 1 6 11 15
5 8 15 10 1 0 1 28
0 0 1 0 6 0
1 0 0 0 7 25
2 0 1 0 8 50
3 0 0 0 10 15
4 0 1 1 6 0
5 0 0 1 7 25
6 0 1 1 8 50
7 0 0 1 10 15
8 0 1 2 6 0
9 0 0 2 7 25
10 0 1 2 8 50
11 0 0 2 10 15
12 0 1 3 6 0
13 0 0 3 7 25
14 0 1 3 8 50
15 0 0 3 10 15
16 0 1 4 6 0
17 0 0 4 7 25
18 0 1 4 8 50
19 0 0 4 10 15
20 0 1 5 6 0
21 0 0 5 7 25
22 0 1 5 8 50
23 0 0 5 10 15
24 0 1 6 6 0
25 0 0 6 7 25
26 0 1 6 8 50
27 0 0 6 10 15
6 9 17 12 0 0 1 28
0 0 1 0 6 15
1 0 0 0 7 40
2 0 1 0 9 5
3 0 0 0 10 30
4 0 1 1 6 15
5 0 0 1 7 40
6 0 1 1 9 5
7 0 0 1 10 30
8 0 1 2 6 15
9 0 0 2 7 40
10 0 1 2 9 5
11 0 0 2 10 30
12 0 1 3 6 15
13 0 0 3 7 40
14 0 1 3 9 5
15 0 0 3 10 30
16 0 1 4 6 15
17 0 0 4 7 40
18 0 1 4 9 5
19 0 0 4 10 30
20 0 1 5 6 15
21 0 0 5 7 40
22 0 1 5 9 5
23 0 0 5 10 30
24 0 1 6 6 15
25 0 0 6 7 40
26 0 1 6 9 5
27 0 0 6 10 30
7 9 17 12 0 0 1 28
0 0 1 0 6 30
1 0 0 0 7 55
2 0 1 0 9 20
3 0 0 0 10 45
4 0 1 1 6 30
5 0 0 1 7 55
6 0 1 1 9 20
7 0 0 1 10 45
8 0 1 2 6 30
9 0 0 2 7 55
10 0 1 2 9 20
11 0 0 2 10 45
12 0 1 3 6 30
13 0 0 3 7 55
14 0 1 3 9 20
15 0 0 3 10 45
16 0 1 4 6 30
17 0 0 4 7 55
18 0 1 4 9 20
19 0 0 4 10 45
20 0 1 5 6 30
21 0 0 5 7 55
22 0 1 5 9 20
23 0 0 5 10 45
24 0 1 6 6 30
25 0 0 6 7 55
26 0 1 6 9 20
27 0 0 6 10 45
8 9 17 12 0 0 1 28
0 0 1 0 6 45
1 0 0 0 8 10
2 0 1 0 9 35
3 0 0 0 11 0
4 0 1 1 6 45
5 0 0 1 8 10
6 0 1 1 9 35
7 0 0 1 11 0
8 0 1 2 6 45
9 0 0 2 8 10
10 0 1 2 9 35
11 0 0 2 11 0
12 0 1 3 6 45
13 0 0 3 8 10
14 0 1 3 9 35
15 0 0 3 11 0
16 0 1 4 6 45
17 0 0 4 8 10
18 0 1 4 9 35
19 0 0 4 11 0
20 0 1 5 6 45
21 0 0 5 8 10
22 0 1 5 9 35
23 0 0 5 11 0
24 0 1 6 6 45
25 0 0 6 8 10
26 0 1 6 9 35
27 0 0 6 11 0
9 9 17 12 0 0 1 28
0 0 1 0 7 0
1 0 0 0 8 25
2 0 1 0 9 50
3 0 0 0 11 15
4 0 1 1 7 0
5 0 0 1 8 25
6 0 1 1 9 50
7 0 0 1 11 15
8 0 1 2 7 0
9 0 0 2 8 25
10 0 1 2 9 50
11 0 0 2 11 15
12 0 1 3 7 0
13 0 0 3 8 25
14 0 1 3 9 50
15 0 0 3 11 15
16 0 1 4 7 0
17 0 0 4 8 25
18 0 1 4 9 50
19 0 0 4 11 15
20 0 1 5 7 0
21 0 0 5 8 25
22 0 1 5 9 50
23 0 0 5 11 15
24 0 1 6 7 0
25 0 0 6 8 25
26 0 1 6 9 50
27 0 0 6 11 15