10 0 4 0 0 -1 -1 -1 3
0 0 11 0 0 8 0 1 0 4 0 0
1 0 18 0 0 2 0 2 4 5 0 0
2 0 20 0 0 1 0 0 5 0 0 0
16 0 9 0 0 -1 -1 -1 3
0 0 14 0 0 8 0 1 0 9 0 0
1 0 18 0 0 2 0 2 9 2 0 0
2 0 20 0 0 1 0 0 2 0 0 0
33 0 1 0 0 -1 -1 -1 3
0 0 7 0 0 8 0 1 0 1 0 0
1 0 18 0 0 2 0 2 1 9 0 0
2 0 20 0 0 1 0 0 9 0 0 0
50 0 2 0 0 -1 -1 -1 3
0 0 14 0 0 8 0 1 0 2 0 0
1 0 18 0 0 2 0 2 2 6 0 0
2 0 20 0 0 1 0 0 6 0 0 0
52 0 1 0 0 -1 -1 -1 3
0 0 11 0 0 8 0 1 0 1 0 0
1 0 18 0 0 2 0 2 1 8 0 0
2 0 20 0 0 1 0 0 8 0 0 0
54 0 9 0 0 -1 -1 -1 3
0 0 7 0 0 8 0 1 0 9 0 0
1 0 18 0 0 2 0 2 9 7 0 0
2 0 20 0 0 1 0 0 7 0 0 0
57 0 3 0 0 -1 -1 -1 3
0 0 14 0 0 8 0 1 0 3 0 0
1 0 18 0 0 2 0 2 3 4 0 0
2 0 20 0 0 1 0 0 4 0 0 0
63 0 8 0 0 -1 -1 -1 3
0 0 15 0 0 8 0 1 0 8 0 0
1 0 18 0 0 2 0 2 8 7 0 0
2 0 20 0 0 1 0 0 7 0 0 0
70 0 4 0 0 -1 -1 -1 3
0 0 8 0 0 8 0 1 0 4 0 0
1 0 18 0 0 2 0 2 4 5 0 0
2 0 20 0 0 1 0 0 5 0 0 0
102 0 9 0 0 -1 -1 -1 3
0 0 15 0 0 8 0 1 0 9 0 0
1 0 18 0 0 2 0 2 9 8 0 0
2 0 20 0 0 1 0 0 8 0 0 0
113 0 7 0 0 -1 -1 -1 3
0 0 13 0 0 8 0 1 0 7 0 0
1 0 18 0 0 2 0 2 7 6 0 0
2 0 20 0 0 1 0 0 6 0 0 0
122 0 2 0 0 -1 -1 -1 3
0 0 7 0 0 8 0 1 0 2 0 0
1 0 18 0 0 2 0 2 2 5 0 0
2 0 20 0 0 1 0 0 5 0 0 0
128 0 5 0 0 -1 -1 -1 3
0 0 11 0 0 8 0 1 0 5 0 0
1 0 18 0 0 2 0 2 5 2 0 0
2 0 20 0 0 1 0 0 2 0 0 0
132 0 1 0 0 -1 -1 -1 3
0 0 8 0 0 8 0 1 0 1 0 0
1 0 18 0 0 2 0 2 1 7 0 0
2 0 20 0 0 1 0 0 7 0 0 0
150 0 5 0 0 -1 -1 -1 3
0 0 10 0 0 8 0 1 0 5 0 0
1 0 18 0 0 2 0 2 5 2 0 0
2 0 20 0 0 1 0 0 2 0 0 0
160 0 7 0 0 -1 -1 -1 3
0 0 10 0 0 8 0 1 0 7 0 0
1 0 18 0 0 2 0 2 7 3 0 0
2 0 20 0 0 1 0 0 3 0 0 0
183 0 9 0 0 -1 -1 -1 3
0 0 10 0 0 8 0 1 0 9 0 0
1 0 18 0 0 2 0 2 9 6 0 0
2 0 20 0 0 1 0 0 6 0 0 0
185 0 1 0 0 -1 -1 -1 3
0 0 6 0 0 8 0 1 0 1 0 0
1 0 18 0 0 2 0 2 1 2 0 0
2 0 20 0 0 1 0 0 2 0 0 0
186 0 8 0 0 -1 -1 -1 3
0 0 14 0 0 8 0 1 0 8 0 0
1 0 18 0 0 2 0 2 8 1 0 0
2 0 20 0 0 1 0 0 1 0 0 0
195 0 9 0 0 -1 -1 -1 3
0 0 14 0 0 8 0 1 0 9 0 0
1 0 18 0 0 2 0 2 9 2 0 0
2 0 20 0 0 1 0 0 2 0 0 0
201 0 7 0 0 -1 -1 -1 3
0 0 10 0 0 8 0 1 0 7 0 0
1 0 18 0 0 2 0 2 7 8 0 0
2 0 20 0 0 1 0 0 8 0 0 0
229 0 8 0 0 -1 -1 -1 3
0 0 8 0 0 8 0 1 0 8 0 0
1 0 18 0 0 2 0 2 8 9 0 0
2 0 20 0 0 1 0 0 9 0 0 0
235 0 9 0 0 -1 -1 -1 3
0 0 8 0 0 8 0 1 0 9 0 0
1 0 18 0 0 2 0 2 9 7 0 0
2 0 20 0 0 1 0 0 7 0 0 0
236 0 8 0 0 -1 -1 -1 3
0 0 13 0 0 8 0 1 0 8 0 0
1 0 18 0 0 2 0 2 8 4 0 0
2 0 20 0 0 1 0 0 4 0 0 0
276 0 1 0 0 -1 -1 -1 3
0 0 11 0 0 8 0 1 0 1 0 0
1 0 18 0 0 2 0 2 1 8 0 0
2 0 20 0 0 1 0 0 8 0 0 0
283 0 7 0 0 -1 -1 -1 3
0 0 10 0 0 8 0 1 0 7 0 0
1 0 18 0 0 2 0 2 7 2 0 0
2 0 20 0 0 1 0 0 2 0 0 0
292 0 7 0 0 -1 -1 -1 3
0 0 12 0 0 8 0 1 0 7 0 0
1 0 18 0 0 2 0 2 7 9 0 0
2 0 20 0 0 1 0 0 9 0 0 0
293 0 2 0 0 -1 -1 -1 3
0 0 7 0 0 8 0 1 0 2 0 0
1 0 18 0 0 2 0 2 2 4 0 0
2 0 20 0 0 1 0 0 4 0 0 0
295 0 4 0 0 -1 -1 -1 3
0 0 9 0 0 8 0 1 0 4 0 0
1 0 18 0 0 2 0 2 4 7 0 0
2 0 20 0 0 1 0 0 7 0 0 0
6 1 2 1 0 -1 -1 -1 3
0 0 8 0 0 8 0 1 1 2 0 0
1 0 18 0 0 2 0 2 2 0 0 0
2 0 20 0 0 1 0 0 0 1 0 0
8 1 4 1 0 -1 -1 -1 3
0 0 14 0 0 8 0 1 1 4 0 0
1 0 18 0 0 2 0 2 4 6 0 0
2 0 20 0 0 1 0 0 6 1 0 0
15 1 9 1 0 -1 -1 -1 3
0 0 8 0 0 8 0 1 1 9 0 0
1 0 18 0 0 2 0 2 9 5 0 0
2 0 20 0 0 1 0 0 5 1 0 0
30 1 7 1 0 -1 -1 -1 3
0 0 8 0 0 8 0 1 1 7 0 0
1 0 18 0 0 2 0 2 7 4 0 0
2 0 20 0 0 1 0 0 4 1 0 0
32 1 8 1 0 -1 -1 -1 3
0 0 6 0 0 8 0 1 1 8 0 0
1 0 18 0 0 2 0 2 8 6 0 0
2 0 20 0 0 1 0 0 6 1 0 0
68 1 3 1 0 -1 -1 -1 3
0 0 8 0 0 8 0 1 1 3 0 0
1 0 18 0 0 2 0 2 3 0 0 0
2 0 20 0 0 1 0 0 0 1 0 0
92 1 7 1 0 -1 -1 -1 3
0 0 9 0 0 8 0 1 1 7 0 0
1 0 18 0 0 2 0 2 7 6 0 0
2 0 20 0 0 1 0 0 6 1 0 0
94 1 5 1 0 -1 -1 -1 3
0 0 14 0 0 8 0 1 1 5 0 0
1 0 18 0 0 2 0 2 5 7 0 0
2 0 20 0 0 1 0 0 7 1 0 0
97 1 2 1 0 -1 -1 -1 3
0 0 6 0 0 8 0 1 1 2 0 0
1 0 18 0 0 2 0 2 2 9 0 0
2 0 20 0 0 1 0 0 9 1 0 0
98 1 3 1 0 -1 -1 -1 3
0 0 14 0 0 8 0 1 1 3 0 0
1 0 18 0 0 2 0 2 3 7 0 0
2 0 20 0 0 1 0 0 7 1 0 0
101 1 9 1 0 -1 -1 -1 3
0 0 13 0 0 8 0 1 1 9 0 0
1 0 18 0 0 2 0 2 9 8 0 0
2 0 20 0 0 1 0 0 8 1 0 0
105 1 9 1 0 -1 -1 -1 3
0 0 9 0 0 8 0 1 1 9 0 0
1 0 18 0 0 2 0 2 9 8 0 0
2 0 20 0 0 1 0 0 8 1 0 0
106 1 9 1 0 -1 -1 -1 3
0 0 7 0 0 8 0 1 1 9 0 0
1 0 18 0 0 2 0 2 9 2 0 0
2 0 20 0 0 1 0 0 2 1 0 0
109 1 4 1 0 -1 -1 -1 3
0 0 11 0 0 8 0 1 1 4 0 0
1 0 18 0 0 2 0 2 4 0 0 0
2 0 20 0 0 1 0 0 0 1 0 0
127 1 2 1 0 -1 -1 -1 3
0 0 14 0 0 8 0 1 1 2 0 0
1 0 18 0 0 2 0 2 2 7 0 0
2 0 20 0 0 1 0 0 7 1 0 0
137 1 5 1 0 -1 -1 -1 3
0 0 7 0 0 8 0 1 1 5 0 0
1 0 18 0 0 2 0 2 5 3 0 0
2 0 20 0 0 1 0 0 3 1 0 0
142 1 7 1 0 -1 -1 -1 3
0 0 7 0 0 8 0 1 1 7 0 0
1 0 18 0 0 2 0 2 7 9 0 0
2 0 20 0 0 1 0 0 9 1 0 0
143 1 2 1 0 -1 -1 -1 3
0 0 11 0 0 8 0 1 1 2 0 0
1 0 18 0 0 2 0 2 2 5 0 0
2 0 20 0 0 1 0 0 5 1 0 0
165 1 3 1 0 -1 -1 -1 3
0 0 6 0 0 8 0 1 1 3 0 0
1 0 18 0 0 2 0 2 3 9 0 0
2 0 20 0 0 1 0 0 9 1 0 0
171 1 4 1 0 -1 -1 -1 3
0 0 8 0 0 8 0 1 1 4 0 0
1 0 18 0 0 2 0 2 4 2 0 0
2 0 20 0 0 1 0 0 2 1 0 0
178 1 2 1 0 -1 -1 -1 3
0 0 14 0 0 8 0 1 1 2 0 0
1 0 18 0 0 2 0 2 2 8 0 0
2 0 20 0 0 1 0 0 8 1 0 0
203 1 8 1 0 -1 -1 -1 3
0 0 10 0 0 8 0 1 1 8 0 0
1 0 18 0 0 2 0 2 8 6 0 0
2 0 20 0 0 1 0 0 6 1 0 0
206 1 0 1 0 -1 -1 -1 3
0 0 9 0 0 8 0 1 1 0 0 0
1 0 18 0 0 2 0 2 0 6 0 0
2 0 20 0 0 1 0 0 6 1 0 0
207 1 5 1 0 -1 -1 -1 3
0 0 10 0 0 8 0 1 1 5 0 0
1 0 18 0 0 2 0 2 5 8 0 0
2 0 20 0 0 1 0 0 8 1 0 0
209 1 7 1 0 -1 -1 -1 3
0 0 11 0 0 8 0 1 1 7 0 0
1 0 18 0 0 2 0 2 7 6 0 0
2 0 20 0 0 1 0 0 6 1 0 0
211 1 6 1 0 -1 -1 -1 3
0 0 13 0 0 8 0 1 1 6 0 0
1 0 18 0 0 2 0 2 6 8 0 0
2 0 20 0 0 1 0 0 8 1 0 0
216 1 8 1 0 -1 -1 -1 3
0 0 13 0 0 8 0 1 1 8 0 0
1 0 18 0 0 2 0 2 8 4 0 0
2 0 20 0 0 1 0 0 4 1 0 0
225 1 5 1 0 -1 -1 -1 3
0 0 9 0 0 8 0 1 1 5 0 0
1 0 18 0 0 2 0 2 5 7 0 0
2 0 20 0 0 1 0 0 7 1 0 0
231 1 5 1 0 -1 -1 -1 3
0 0 12 0 0 8 0 1 1 5 0 0
1 0 18 0 0 2 0 2 5 0 0 0
2 0 20 0 0 1 0 0 0 1 0 0
234 1 7 1 0 -1 -1 -1 3
0 0 12 0 0 8 0 1 1 7 0 0
1 0 18 0 0 2 0 2 7 8 0 0
2 0 20 0 0 1 0 0 8 1 0 0
244 1 7 1 0 -1 -1 -1 3
0 0 10 0 0 8 0 1 1 7 0 0
1 0 18 0 0 2 0 2 7 0 0 0
2 0 20 0 0 1 0 0 0 1 0 0
252 1 9 1 0 -1 -1 -1 3
0 0 15 0 0 8 0 1 1 9 0 0
1 0 18 0 0 2 0 2 9 8 0 0
2 0 20 0 0 1 0 0 8 1 0 0
253 1 3 1 0 -1 -1 -1 3
0 0 13 0 0 8 0 1 1 3 0 0
1 0 18 0 0 2 0 2 3 0 0 0
2 0 20 0 0 1 0 0 0 1 0 0
300 1 3 1 0 -1 -1 -1 3
0 0 15 0 0 8 0 1 1 3 0 0
1 0 18 0 0 2 0 2 3 7 0 0
2 0 20 0 0 1 0 0 7 1 0 0
2 2 0 2 0 -1 -1 -1 3
0 0 9 0 0 8 0 1 2 0 0 0
1 0 18 0 0 2 0 2 0 6 0 0
2 0 20 0 0 1 0 0 6 2 0 0
38 2 8 2 0 -1 -1 -1 3
0 0 10 0 0 8 0 1 2 8 0 0
1 0 18 0 0 2 0 2 8 7 0 0
2 0 20 0 0 1 0 0 7 2 0 0
40 2 8 2 0 -1 -1 -1 3
0 0 14 0 0 8 0 1 2 8 0 0
1 0 18 0 0 2 0 2 8 9 0 0
2 0 20 0 0 1 0 0 9 2 0 0
43 2 9 2 0 -1 -1 -1 3
0 0 11 0 0 8 0 1 2 9 0 0
1 0 18 0 0 2 0 2 9 0 0 0
2 0 20 0 0 1 0 0 0 2 0 0
59 2 5 2 0 -1 -1 -1 3
0 0 15 0 0 8 0 1 2 5 0 0
1 0 18 0 0 2 0 2 5 7 0 0
2 0 20 0 0 1 0 0 7 2 0 0
61 2 3 2 0 -1 -1 -1 3
0 0 13 0 0 8 0 1 2 3 0 0
1 0 18 0 0 2 0 2 3 0 0 0
2 0 20 0 0 1 0 0 0 2 0 0
64 2 1 2 0 -1 -1 -1 3
0 0 9 0 0 8 0 1 2 1 0 0
1 0 18 0 0 2 0 2 1 3 0 0
2 0 20 0 0 1 0 0 3 2 0 0
80 2 0 2 0 -1 -1 -1 3
0 0 11 0 0 8 0 1 2 0 0 0
1 0 18 0 0 2 0 2 0 7 0 0
2 0 20 0 0 1 0 0 7 2 0 0
90 2 5 2 0 -1 -1 -1 3
0 0 11 0 0 8 0 1 2 5 0 0
1 0 18 0 0 2 0 2 5 9 0 0
2 0 20 0 0 1 0 0 9 2 0 0
95 2 8 2 0 -1 -1 -1 3
0 0 10 0 0 8 0 1 2 8 0 0
1 0 18 0 0 2 0 2 8 1 0 0
2 0 20 0 0 1 0 0 1 2 0 0
104 2 6 2 0 -1 -1 -1 3
0 0 11 0 0 8 0 1 2 6 0 0
1 0 18 0 0 2 0 2 6 0 0 0
2 0 20 0 0 1 0 0 0 2 0 0
116 2 5 2 0 -1 -1 -1 3
0 0 10 0 0 8 0 1 2 5 0 0
1 0 18 0 0 2 0 2 5 9 0 0
2 0 20 0 0 1 0 0 9 2 0 0
131 2 4 2 0 -1 -1 -1 3
0 0 9 0 0 8 0 1 2 4 0 0
1 0 18 0 0 2 0 2 4 7 0 0
2 0 20 0 0 1 0 0 7 2 0 0
156 2 9 2 0 -1 -1 -1 3
0 0 8 0 0 8 0 1 2 9 0 0
1 0 18 0 0 2 0 2 9 5 0 0
2 0 20 0 0 1 0 0 5 2 0 0
167 2 6 2 0 -1 -1 -1 3
0 0 10 0 0 8 0 1 2 6 0 0
1 0 18 0 0 2 0 2 6 1 0 0
2 0 20 0 0 1 0 0 1 2 0 0
173 2 9 2 0 -1 -1 -1 3
0 0 7 0 0 8 0 1 2 9 0 0
1 0 18 0 0 2 0 2 9 8 0 0
2 0 20 0 0 1 0 0 8 2 0 0
175 2 6 2 0 -1 -1 -1 3
0 0 11 0 0 8 0 1 2 6 0 0
1 0 18 0 0 2 0 2 6 8 0 0
2 0 20 0 0 1 0 0 8 2 0 0
187 2 8 2 0 -1 -1 -1 3
0 0 7 0 0 8 0 1 2 8 0 0
1 0 18 0 0 2 0 2 8 1 0 0
2 0 20 0 0 1 0 0 1 2 0 0
190 2 0 2 0 -1 -1 -1 3
0 0 13 0 0 8 0 1 2 0 0 0
1 0 18 0 0 2 0 2 0 3 0 0
2 0 20 0 0 1 0 0 3 2 0 0
233 2 3 2 0 -1 -1 -1 3
0 0 9 0 0 8 0 1 2 3 0 0
1 0 18 0 0 2 0 2 3 1 0 0
2 0 20 0 0 1 0 0 1 2 0 0
240 2 4 2 0 -1 -1 -1 3
0 0 9 0 0 8 0 1 2 4 0 0
1 0 18 0 0 2 0 2 4 1 0 0
2 0 20 0 0 1 0 0 1 2 0 0
245 2 6 2 0 -1 -1 -1 3
0 0 8 0 0 8 0 1 2 6 0 0
1 0 18 0 0 2 0 2 6 9 0 0
2 0 20 0 0 1 0 0 9 2 0 0
249 2 3 2 0 -1 -1 -1 3
0 0 9 0 0 8 0 1 2 3 0 0
1 0 18 0 0 2 0 2 3 8 0 0
2 0 20 0 0 1 0 0 8 2 0 0
250 2 0 2 0 -1 -1 -1 3
0 0 7 0 0 8 0 1 2 0 0 0
1 0 18 0 0 2 0 2 0 8 0 0
2 0 20 0 0 1 0 0 8 2 0 0
256 2 5 2 0 -1 -1 -1 3
0 0 9 0 0 8 0 1 2 5 0 0
1 0 18 0 0 2 0 2 5 3 0 0
2 0 20 0 0 1 0 0 3 2 0 0
260 2 9 2 0 -1 -1 -1 3
0 0 10 0 0 8 0 1 2 9 0 0
1 0 18 0 0 2 0 2 9 1 0 0
2 0 20 0 0 1 0 0 1 2 0 0
261 2 4 2 0 -1 -1 -1 3
0 0 9 0 0 8 0 1 2 4 0 0
1 0 18 0 0 2 0 2 4 8 0 0
2 0 20 0 0 1 0 0 8 2 0 0
289 2 8 2 0 -1 -1 -1 3
0 0 10 0 0 8 0 1 2 8 0 0
1 0 18 0 0 2 0 2 8 6 0 0
2 0 20 0 0 1 0 0 6 2 0 0
297 2 0 2 0 -1 -1 -1 3
0 0 15 0 0 8 0 1 2 0 0 0
1 0 18 0 0 2 0 2 0 7 0 0
2 0 20 0 0 1 0 0 7 2 0 0
299 2 3 2 0 -1 -1 -1 3
0 0 14 0 0 8 0 1 2 3 0 0
1 0 18 0 0 2 0 2 3 5 0 0
2 0 20 0 0 1 0 0 5 2 0 0
4 3 9 3 0 -1 -1 -1 3
0 0 10 0 0 8 0 1 3 9 0 0
1 0 18 0 0 2 0 2 9 1 0 0
2 0 20 0 0 1 0 0 1 3 0 0
44 3 0 3 0 -1 -1 -1 3
0 0 12 0 0 8 0 1 3 0 0 0
1 0 18 0 0 2 0 2 0 6 0 0
2 0 20 0 0 1 0 0 6 3 0 0
60 3 8 3 0 -1 -1 -1 3
0 0 7 0 0 8 0 1 3 8 0 0
1 0 18 0 0 2 0 2 8 9 0 0
2 0 20 0 0 1 0 0 9 3 0 0
66 3 6 3 0 -1 -1 -1 3
0 0 13 0 0 8 0 1 3 6 0 0
1 0 18 0 0 2 0 2 6 1 0 0
2 0 20 0 0 1 0 0 1 3 0 0
73 3 4 3 0 -1 -1 -1 3
0 0 8 0 0 8 0 1 3 4 0 0
1 0 18 0 0 2 0 2 4 2 0 0
2 0 20 0 0 1 0 0 2 3 0 0
77 3 9 3 0 -1 -1 -1 3
0 0 8 0 0 8 0 1 3 9 0 0
1 0 18 0 0 2 0 2 9 5 0 0
2 0 20 0 0 1 0 0 5 3 0 0
93 3 0 3 0 -1 -1 -1 3
0 0 15 0 0 8 0 1 3 0 0 0
1 0 18 0 0 2 0 2 0 6 0 0
2 0 20 0 0 1 0 0 6 3 0 0
117 3 9 3 0 -1 -1 -1 3
0 0 13 0 0 8 0 1 3 9 0 0
1 0 18 0 0 2 0 2 9 0 0 0
2 0 20 0 0 1 0 0 0 3 0 0
120 3 7 3 0 -1 -1 -1 3
0 0 8 0 0 8 0 1 3 7 0 0
1 0 18 0 0 2 0 2 7 6 0 0
2 0 20 0 0 1 0 0 6 3 0 0
123 3 6 3 0 -1 -1 -1 3
0 0 8 0 0 8 0 1 3 6 0 0
1 0 18 0 0 2 0 2 6 8 0 0
2 0 20 0 0 1 0 0 8 3 0 0
169 3 9 3 0 -1 -1 -1 3
0 0 8 0 0 8 0 1 3 9 0 0
1 0 18 0 0 2 0 2 9 0 0 0
2 0 20 0 0 1 0 0 0 3 0 0
177 3 4 3 0 -1 -1 -1 3
0 0 9 0 0 8 0 1 3 4 0 0
1 0 18 0 0 2 0 2 4 5 0 0
2 0 20 0 0 1 0 0 5 3 0 0
194 3 0 3 0 -1 -1 -1 3
0 0 11 0 0 8 0 1 3 0 0 0
1 0 18 0 0 2 0 2 0 8 0 0
2 0 20 0 0 1 0 0 8 3 0 0
200 3 8 3 0 -1 -1 -1 3
0 0 7 0 0 8 0 1 3 8 0 0
1 0 18 0 0 2 0 2 8 0 0 0
2 0 20 0 0 1 0 0 0 3 0 0
212 3 7 3 0 -1 -1 -1 3
0 0 8 0 0 8 0 1 3 7 0 0
1 0 18 0 0 2 0 2 7 6 0 0
2 0 20 0 0 1 0 0 6 3 0 0
220 3 6 3 0 -1 -1 -1 3
0 0 12 0 0 8 0 1 3 6 0 0
1 0 18 0 0 2 0 2 6 8 0 0
2 0 20 0 0 1 0 0 8 3 0 0
226 3 8 3 0 -1 -1 -1 3
0 0 7 0 0 8 0 1 3 8 0 0
1 0 18 0 0 2 0 2 8 7 0 0
2 0 20 0 0 1 0 0 7 3 0 0
247 3 2 3 0 -1 -1 -1 3
0 0 7 0 0 8 0 1 3 2 0 0
1 0 18 0 0 2 0 2 2 0 0 0
2 0 20 0 0 1 0 0 0 3 0 0
251 3 1 3 0 -1 -1 -1 3
0 0 15 0 0 8 0 1 3 1 0 0
1 0 18 0 0 2 0 2 1 8 0 0
2 0 20 0 0 1 0 0 8 3 0 0
257 3 9 3 0 -1 -1 -1 3
0 0 11 0 0 8 0 1 3 9 0 0
1 0 18 0 0 2 0 2 9 1 0 0
2 0 20 0 0 1 0 0 1 3 0 0
262 3 0 3 0 -1 -1 -1 3
0 0 12 0 0 8 0 1 3 0 0 0
1 0 18 0 0 2 0 2 0 9 0 0
2 0 20 0 0 1 0 0 9 3 0 0
263 3 2 3 0 -1 -1 -1 3
0 0 9 0 0 8 0 1 3 2 0 0
1 0 18 0 0 2 0 2 2 6 0 0
2 0 20 0 0 1 0 0 6 3 0 0
265 3 0 3 0 -1 -1 -1 3
0 0 12 0 0 8 0 1 3 0 0 0
1 0 18 0 0 2 0 2 0 8 0 0
2 0 20 0 0 1 0 0 8 3 0 0
272 3 1 3 0 -1 -1 -1 3
0 0 6 0 0 8 0 1 3 1 0 0
1 0 18 0 0 2 0 2 1 4 0 0
2 0 20 0 0 1 0 0 4 3 0 0
279 3 0 3 0 -1 -1 -1 3
0 0 12 0 0 8 0 1 3 0 0 0
1 0 18 0 0 2 0 2 0 8 0 0
2 0 20 0 0 1 0 0 8 3 0 0
22 4 0 4 0 -1 -1 -1 3
0 0 7 0 0 8 0 1 4 0 0 0
1 0 18 0 0 2 0 2 0 3 0 0
2 0 20 0 0 1 0 0 3 4 0 0
29 4 2 4 0 -1 -1 -1 3
0 0 6 0 0 8 0 1 4 2 0 0
1 0 18 0 0 2 0 2 2 3 0 0
2 0 20 0 0 1 0 0 3 4 0 0
34 4 1 4 0 -1 -1 -1 3
0 0 13 0 0 8 0 1 4 1 0 0
1 0 18 0 0 2 0 2 1 6 0 0
2 0 20 0 0 1 0 0 6 4 0 0
37 4 7 4 0 -1 -1 -1 3
0 0 10 0 0 8 0 1 4 7 0 0
1 0 18 0 0 2 0 2 7 0 0 0
2 0 20 0 0 1 0 0 0 4 0 0
46 4 2 4 0 -1 -1 -1 3
0 0 11 0 0 8 0 1 4 2 0 0
1 0 18 0 0 2 0 2 2 9 0 0
2 0 20 0 0 1 0 0 9 4 0 0
48 4 5 4 0 -1 -1 -1 3
0 0 11 0 0 8 0 1 4 5 0 0
1 0 18 0 0 2 0 2 5 0 0 0
2 0 20 0 0 1 0 0 0 4 0 0
74 4 0 4 0 -1 -1 -1 3
0 0 12 0 0 8 0 1 4 0 0 0
1 0 18 0 0 2 0 2 0 3 0 0
2 0 20 0 0 1 0 0 3 4 0 0
83 4 5 4 0 -1 -1 -1 3
0 0 15 0 0 8 0 1 4 5 0 0
1 0 18 0 0 2 0 2 5 0 0 0
2 0 20 0 0 1 0 0 0 4 0 0
84 4 0 4 0 -1 -1 -1 3
0 0 11 0 0 8 0 1 4 0 0 0
1 0 18 0 0 2 0 2 0 1 0 0
2 0 20 0 0 1 0 0 1 4 0 0
86 4 2 4 0 -1 -1 -1 3
0 0 13 0 0 8 0 1 4 2 0 0
1 0 18 0 0 2 0 2 2 9 0 0
2 0 20 0 0 1 0 0 9 4 0 0
107 4 9 4 0 -1 -1 -1 3
0 0 10 0 0 8 0 1 4 9 0 0
1 0 18 0 0 2 0 2 9 6 0 0
2 0 20 0 0 1 0 0 6 4 0 0
126 4 7 4 0 -1 -1 -1 3
0 0 10 0 0 8 0 1 4 7 0 0
1 0 18 0 0 2 0 2 7 9 0 0
2 0 20 0 0 1 0 0 9 4 0 0
135 4 3 4 0 -1 -1 -1 3
0 0 7 0 0 8 0 1 4 3 0 0
1 0 18 0 0 2 0 2 3 6 0 0
2 0 20 0 0 1 0 0 6 4 0 0
149 4 7 4 0 -1 -1 -1 3
0 0 10 0 0 8 0 1 4 7 0 0
1 0 18 0 0 2 0 2 7 8 0 0
2 0 20 0 0 1 0 0 8 4 0 0
158 4 7 4 0 -1 -1 -1 3
0 0 11 0 0 8 0 1 4 7 0 0
1 0 18 0 0 2 0 2 7 3 0 0
2 0 20 0 0 1 0 0 3 4 0 0
161 4 0 4 0 -1 -1 -1 3
0 0 10 0 0 8 0 1 4 0 0 0
1 0 18 0 0 2 0 2 0 6 0 0
2 0 20 0 0 1 0 0 6 4 0 0
176 4 7 4 0 -1 -1 -1 3
0 0 15 0 0 8 0 1 4 7 0 0
1 0 18 0 0 2 0 2 7 8 0 0
2 0 20 0 0 1 0 0 8 4 0 0
204 4 2 4 0 -1 -1 -1 3
0 0 12 0 0 8 0 1 4 2 0 0
1 0 18 0 0 2 0 2 2 0 0 0
2 0 20 0 0 1 0 0 0 4 0 0
218 4 0 4 0 -1 -1 -1 3
0 0 8 0 0 8 0 1 4 0 0 0
1 0 18 0 0 2 0 2 0 1 0 0
2 0 20 0 0 1 0 0 1 4 0 0
221 4 0 4 0 -1 -1 -1 3
0 0 8 0 0 8 0 1 4 0 0 0
1 0 18 0 0 2 0 2 0 9 0 0
2 0 20 0 0 1 0 0 9 4 0 0
228 4 3 4 0 -1 -1 -1 3
0 0 11 0 0 8 0 1 4 3 0 0
1 0 18 0 0 2 0 2 3 0 0 0
2 0 20 0 0 1 0 0 0 4 0 0
238 4 0 4 0 -1 -1 -1 3
0 0 13 0 0 8 0 1 4 0 0 0
1 0 18 0 0 2 0 2 0 3 0 0
2 0 20 0 0 1 0 0 3 4 0 0
278 4 0 4 0 -1 -1 -1 3
0 0 10 0 0 8 0 1 4 0 0 0
1 0 18 0 0 2 0 2 0 5 0 0
2 0 20 0 0 1 0 0 5 4 0 0
281 4 1 4 0 -1 -1 -1 3
0 0 7 0 0 8 0 1 4 1 0 0
1 0 18 0 0 2 0 2 1 5 0 0
2 0 20 0 0 1 0 0 5 4 0 0
286 4 0 4 0 -1 -1 -1 3
0 0 11 0 0 8 0 1 4 0 0 0
1 0 18 0 0 2 0 2 0 7 0 0
2 0 20 0 0 1 0 0 7 4 0 0
288 4 2 4 0 -1 -1 -1 3
0 0 14 0 0 8 0 1 4 2 0 0
1 0 18 0 0 2 0 2 2 5 0 0
2 0 20 0 0 1 0 0 5 4 0 0
290 4 5 4 0 -1 -1 -1 3
0 0 8 0 0 8 0 1 4 5 0 0
1 0 18 0 0 2 0 2 5 0 0 0
2 0 20 0 0 1 0 0 0 4 0 0
5 5 9 5 0 -1 -1 -1 3
0 0 14 0 0 8 0 1 5 9 0 0
1 0 18 0 0 2 0 2 9 7 0 0
2 0 20 0 0 1 0 0 7 5 0 0
12 5 8 5 0 -1 -1 -1 3
0 0 9 0 0 8 0 1 5 8 0 0
1 0 18 0 0 2 0 2 8 3 0 0
2 0 20 0 0 1 0 0 3 5 0 0
26 5 0 5 0 -1 -1 -1 3
0 0 7 0 0 8 0 1 5 0 0 0
1 0 18 0 0 2 0 2 0 4 0 0
2 0 20 0 0 1 0 0 4 5 0 0
35 5 3 5 0 -1 -1 -1 3
0 0 14 0 0 8 0 1 5 3 0 0
1 0 18 0 0 2 0 2 3 1 0 0
2 0 20 0 0 1 0 0 1 5 0 0
41 5 2 5 0 -1 -1 -1 3
0 0 10 0 0 8 0 1 5 2 0 0
1 0 18 0 0 2 0 2 2 8 0 0
2 0 20 0 0 1 0 0 8 5 0 0
49 5 0 5 0 -1 -1 -1 3
0 0 13 0 0 8 0 1 5 0 0 0
1 0 18 0 0 2 0 2 0 6 0 0
2 0 20 0 0 1 0 0 6 5 0 0
75 5 2 5 0 -1 -1 -1 3
0 0 12 0 0 8 0 1 5 2 0 0
1 0 18 0 0 2 0 2 2 4 0 0
2 0 20 0 0 1 0 0 4 5 0 0
79 5 4 5 0 -1 -1 -1 3
0 0 10 0 0 8 0 1 5 4 0 0
1 0 18 0 0 2 0 2 4 8 0 0
2 0 20 0 0 1 0 0 8 5 0 0
82 5 8 5 0 -1 -1 -1 3
0 0 9 0 0 8 0 1 5 8 0 0
1 0 18 0 0 2 0 2 8 9 0 0
2 0 20 0 0 1 0 0 9 5 0 0
87 5 8 5 0 -1 -1 -1 3
0 0 8 0 0 8 0 1 5 8 0 0
1 0 18 0 0 2 0 2 8 3 0 0
2 0 20 0 0 1 0 0 3 5 0 0
89 5 2 5 0 -1 -1 -1 3
0 0 13 0 0 8 0 1 5 2 0 0
1 0 18 0 0 2 0 2 2 8 0 0
2 0 20 0 0 1 0 0 8 5 0 0
96 5 2 5 0 -1 -1 -1 3
0 0 8 0 0 8 0 1 5 2 0 0
1 0 18 0 0 2 0 2 2 9 0 0
2 0 20 0 0 1 0 0 9 5 0 0
108 5 1 5 0 -1 -1 -1 3
0 0 9 0 0 8 0 1 5 1 0 0
1 0 18 0 0 2 0 2 1 9 0 0
2 0 20 0 0 1 0 0 9 5 0 0
114 5 0 5 0 -1 -1 -1 3
0 0 15 0 0 8 0 1 5 0 0 0
1 0 18 0 0 2 0 2 0 7 0 0
2 0 20 0 0 1 0 0 7 5 0 0
118 5 1 5 0 -1 -1 -1 3
0 0 13 0 0 8 0 1 5 1 0 0
1 0 18 0 0 2 0 2 1 9 0 0
2 0 20 0 0 1 0 0 9 5 0 0
121 5 9 5 0 -1 -1 -1 3
0 0 6 0 0 8 0 1 5 9 0 0
1 0 18 0 0 2 0 2 9 0 0 0
2 0 20 0 0 1 0 0 0 5 0 0
129 5 0 5 0 -1 -1 -1 3
0 0 8 0 0 8 0 1 5 0 0 0
1 0 18 0 0 2 0 2 0 9 0 0
2 0 20 0 0 1 0 0 9 5 0 0
130 5 0 5 0 -1 -1 -1 3
0 0 7 0 0 8 0 1 5 0 0 0
1 0 18 0 0 2 0 2 0 8 0 0
2 0 20 0 0 1 0 0 8 5 0 0
139 5 4 5 0 -1 -1 -1 3
0 0 10 0 0 8 0 1 5 4 0 0
1 0 18 0 0 2 0 2 4 8 0 0
2 0 20 0 0 1 0 0 8 5 0 0
146 5 3 5 0 -1 -1 -1 3
0 0 7 0 0 8 0 1 5 3 0 0
1 0 18 0 0 2 0 2 3 0 0 0
2 0 20 0 0 1 0 0 0 5 0 0
157 5 4 5 0 -1 -1 -1 3
0 0 13 0 0 8 0 1 5 4 0 0
1 0 18 0 0 2 0 2 4 8 0 0
2 0 20 0 0 1 0 0 8 5 0 0
162 5 4 5 0 -1 -1 -1 3
0 0 6 0 0 8 0 1 5 4 0 0
1 0 18 0 0 2 0 2 4 6 0 0
2 0 20 0 0 1 0 0 6 5 0 0
166 5 7 5 0 -1 -1 -1 3
0 0 11 0 0 8 0 1 5 7 0 0
1 0 18 0 0 2 0 2 7 6 0 0
2 0 20 0 0 1 0 0 6 5 0 0
170 5 4 5 0 -1 -1 -1 3
0 0 9 0 0 8 0 1 5 4 0 0
1 0 18 0 0 2 0 2 4 0 0 0
2 0 20 0 0 1 0 0 0 5 0 0
174 5 1 5 0 -1 -1 -1 3
0 0 15 0 0 8 0 1 5 1 0 0
1 0 18 0 0 2 0 2 1 0 0 0
2 0 20 0 0 1 0 0 0 5 0 0
180 5 4 5 0 -1 -1 -1 3
0 0 11 0 0 8 0 1 5 4 0 0
1 0 18 0 0 2 0 2 4 1 0 0
2 0 20 0 0 1 0 0 1 5 0 0
191 5 6 5 0 -1 -1 -1 3
0 0 15 0 0 8 0 1 5 6 0 0
1 0 18 0 0 2 0 2 6 2 0 0
2 0 20 0 0 1 0 0 2 5 0 0
214 5 4 5 0 -1 -1 -1 3
0 0 6 0 0 8 0 1 5 4 0 0
1 0 18 0 0 2 0 2 4 1 0 0
2 0 20 0 0 1 0 0 1 5 0 0
217 5 2 5 0 -1 -1 -1 3
0 0 8 0 0 8 0 1 5 2 0 0
1 0 18 0 0 2 0 2 2 3 0 0
2 0 20 0 0 1 0 0 3 5 0 0
223 5 2 5 0 -1 -1 -1 3
0 0 13 0 0 8 0 1 5 2 0 0
1 0 18 0 0 2 0 2 2 7 0 0
2 0 20 0 0 1 0 0 7 5 0 0
224 5 6 5 0 -1 -1 -1 3
0 0 12 0 0 8 0 1 5 6 0 0
1 0 18 0 0 2 0 2 6 7 0 0
2 0 20 0 0 1 0 0 7 5 0 0
268 5 3 5 0 -1 -1 -1 3
0 0 14 0 0 8 0 1 5 3 0 0
1 0 18 0 0 2 0 2 3 8 0 0
2 0 20 0 0 1 0 0 8 5 0 0
270 5 2 5 0 -1 -1 -1 3
0 0 12 0 0 8 0 1 5 2 0 0
1 0 18 0 0 2 0 2 2 7 0 0
2 0 20 0 0 1 0 0 7 5 0 0
275 5 3 5 0 -1 -1 -1 3
0 0 8 0 0 8 0 1 5 3 0 0
1 0 18 0 0 2 0 2 3 7 0 0
2 0 20 0 0 1 0 0 7 5 0 0
291 5 6 5 0 -1 -1 -1 3
0 0 15 0 0 8 0 1 5 6 0 0
1 0 18 0 0 2 0 2 6 8 0 0
2 0 20 0 0 1 0 0 8 5 0 0
296 5 7 5 0 -1 -1 -1 3
0 0 7 0 0 8 0 1 5 7 0 0
1 0 18 0 0 2 0 2 7 4 0 0
2 0 20 0 0 1 0 0 4 5 0 0
298 5 6 5 0 -1 -1 -1 3
0 0 12 0 0 8 0 1 5 6 0 0
1 0 18 0 0 2 0 2 6 2 0 0
2 0 20 0 0 1 0 0 2 5 0 0
3 6 8 6 0 -1 -1 -1 3
0 0 9 0 0 8 0 1 6 8 0 0
1 0 18 0 0 2 0 2 8 5 0 0
2 0 20 0 0 1 0 0 5 6 0 0
20 6 9 6 0 -1 -1 -1 3
0 0 8 0 0 8 0 1 6 9 0 0
1 0 18 0 0 2 0 2 9 5 0 0
2 0 20 0 0 1 0 0 5 6 0 0
28 6 7 6 0 -1 -1 -1 3
0 0 8 0 0 8 0 1 6 7 0 0
1 0 18 0 0 2 0 2 7 5 0 0
2 0 20 0 0 1 0 0 5 6 0 0
53 6 1 6 0 -1 -1 -1 3
0 0 13 0 0 8 0 1 6 1 0 0
1 0 18 0 0 2 0 2 1 9 0 0
2 0 20 0 0 1 0 0 9 6 0 0
56 6 9 6 0 -1 -1 -1 3
0 0 11 0 0 8 0 1 6 9 0 0
1 0 18 0 0 2 0 2 9 8 0 0
2 0 20 0 0 1 0 0 8 6 0 0
65 6 8 6 0 -1 -1 -1 3
0 0 9 0 0 8 0 1 6 8 0 0
1 0 18 0 0 2 0 2 8 7 0 0
2 0 20 0 0 1 0 0 7 6 0 0
81 6 3 6 0 -1 -1 -1 3
0 0 14 0 0 8 0 1 6 3 0 0
1 0 18 0 0 2 0 2 3 0 0 0
2 0 20 0 0 1 0 0 0 6 0 0
103 6 3 6 0 -1 -1 -1 3
0 0 7 0 0 8 0 1 6 3 0 0
1 0 18 0 0 2 0 2 3 1 0 0
2 0 20 0 0 1 0 0 1 6 0 0
119 6 5 6 0 -1 -1 -1 3
0 0 11 0 0 8 0 1 6 5 0 0
1 0 18 0 0 2 0 2 5 9 0 0
2 0 20 0 0 1 0 0 9 6 0 0
125 6 2 6 0 -1 -1 -1 3
0 0 6 0 0 8 0 1 6 2 0 0
1 0 18 0 0 2 0 2 2 7 0 0
2 0 20 0 0 1 0 0 7 6 0 0
144 6 2 6 0 -1 -1 -1 3
0 0 7 0 0 8 0 1 6 2 0 0
1 0 18 0 0 2 0 2 2 8 0 0
2 0 20 0 0 1 0 0 8 6 0 0
152 6 3 6 0 -1 -1 -1 3
0 0 14 0 0 8 0 1 6 3 0 0
1 0 18 0 0 2 0 2 3 7 0 0
2 0 20 0 0 1 0 0 7 6 0 0
155 6 2 6 0 -1 -1 -1 3
0 0 9 0 0 8 0 1 6 2 0 0
1 0 18 0 0 2 0 2 2 8 0 0
2 0 20 0 0 1 0 0 8 6 0 0
184 6 0 6 0 -1 -1 -1 3
0 0 8 0 0 8 0 1 6 0 0 0
1 0 18 0 0 2 0 2 0 7 0 0
2 0 20 0 0 1 0 0 7 6 0 0
188 6 1 6 0 -1 -1 -1 3
0 0 8 0 0 8 0 1 6 1 0 0
1 0 18 0 0 2 0 2 1 8 0 0
2 0 20 0 0 1 0 0 8 6 0 0
192 6 2 6 0 -1 -1 -1 3
0 0 12 0 0 8 0 1 6 2 0 0
1 0 18 0 0 2 0 2 2 9 0 0
2 0 20 0 0 1 0 0 9 6 0 0
205 6 9 6 0 -1 -1 -1 3
0 0 15 0 0 8 0 1 6 9 0 0
1 0 18 0 0 2 0 2 9 5 0 0
2 0 20 0 0 1 0 0 5 6 0 0
213 6 0 6 0 -1 -1 -1 3
0 0 15 0 0 8 0 1 6 0 0 0
1 0 18 0 0 2 0 2 0 3 0 0
2 0 20 0 0 1 0 0 3 6 0 0
237 6 4 6 0 -1 -1 -1 3
0 0 6 0 0 8 0 1 6 4 0 0
1 0 18 0 0 2 0 2 4 5 0 0
2 0 20 0 0 1 0 0 5 6 0 0
274 6 0 6 0 -1 -1 -1 3
0 0 15 0 0 8 0 1 6 0 0 0
1 0 18 0 0 2 0 2 0 1 0 0
2 0 20 0 0 1 0 0 1 6 0 0
282 6 0 6 0 -1 -1 -1 3
0 0 14 0 0 8 0 1 6 0 0 0
1 0 18 0 0 2 0 2 0 9 0 0
2 0 20 0 0 1 0 0 9 6 0 0
284 6 1 6 0 -1 -1 -1 3
0 0 15 0 0 8 0 1 6 1 0 0
1 0 18 0 0 2 0 2 1 3 0 0
2 0 20 0 0 1 0 0 3 6 0 0
287 6 7 6 0 -1 -1 -1 3
0 0 8 0 0 8 0 1 6 7 0 0
1 0 18 0 0 2 0 2 7 4 0 0
2 0 20 0 0 1 0 0 4 6 0 0
14 7 8 7 0 -1 -1 -1 3
0 0 15 0 0 8 0 1 7 8 0 0
1 0 18 0 0 2 0 2 8 4 0 0
2 0 20 0 0 1 0 0 4 7 0 0
36 7 1 7 0 -1 -1 -1 3
0 0 14 0 0 8 0 1 7 1 0 0
1 0 18 0 0 2 0 2 1 4 0 0
2 0 20 0 0 1 0 0 4 7 0 0
45 7 3 7 0 -1 -1 -1 3
0 0 13 0 0 8 0 1 7 3 0 0
1 0 18 0 0 2 0 2 3 2 0 0
2 0 20 0 0 1 0 0 2 7 0 0
47 7 6 7 0 -1 -1 -1 3
0 0 13 0 0 8 0 1 7 6 0 0
1 0 18 0 0 2 0 2 6 9 0 0
2 0 20 0 0 1 0 0 9 7 0 0
91 7 9 7 0 -1 -1 -1 3
0 0 7 0 0 8 0 1 7 9 0 0
1 0 18 0 0 2 0 2 9 1 0 0
2 0 20 0 0 1 0 0 1 7 0 0
111 7 4 7 0 -1 -1 -1 3
0 0 8 0 0 8 0 1 7 4 0 0
1 0 18 0 0 2 0 2 4 5 0 0
2 0 20 0 0 1 0 0 5 7 0 0
115 7 1 7 0 -1 -1 -1 3
0 0 8 0 0 8 0 1 7 1 0 0
1 0 18 0 0 2 0 2 1 0 0 0
2 0 20 0 0 1 0 0 0 7 0 0
133 7 3 7 0 -1 -1 -1 3
0 0 10 0 0 8 0 1 7 3 0 0
1 0 18 0 0 2 0 2 3 1 0 0
2 0 20 0 0 1 0 0 1 7 0 0
138 7 4 7 0 -1 -1 -1 3
0 0 9 0 0 8 0 1 7 4 0 0
1 0 18 0 0 2 0 2 4 1 0 0
2 0 20 0 0 1 0 0 1 7 0 0
145 7 2 7 0 -1 -1 -1 3
0 0 10 0 0 8 0 1 7 2 0 0
1 0 18 0 0 2 0 2 2 1 0 0
2 0 20 0 0 1 0 0 1 7 0 0
151 7 5 7 0 -1 -1 -1 3
0 0 7 0 0 8 0 1 7 5 0 0
1 0 18 0 0 2 0 2 5 0 0 0
2 0 20 0 0 1 0 0 0 7 0 0
153 7 4 7 0 -1 -1 -1 3
0 0 12 0 0 8 0 1 7 4 0 0
1 0 18 0 0 2 0 2 4 9 0 0
2 0 20 0 0 1 0 0 9 7 0 0
202 7 4 7 0 -1 -1 -1 3
0 0 7 0 0 8 0 1 7 4 0 0
1 0 18 0 0 2 0 2 4 3 0 0
2 0 20 0 0 1 0 0 3 7 0 0
208 7 0 7 0 -1 -1 -1 3
0 0 9 0 0 8 0 1 7 0 0 0
1 0 18 0 0 2 0 2 0 6 0 0
2 0 20 0 0 1 0 0 6 7 0 0
230 7 5 7 0 -1 -1 -1 3
0 0 6 0 0 8 0 1 7 5 0 0
1 0 18 0 0 2 0 2 5 3 0 0
2 0 20 0 0 1 0 0 3 7 0 0
232 7 3 7 0 -1 -1 -1 3
0 0 9 0 0 8 0 1 7 3 0 0
1 0 18 0 0 2 0 2 3 6 0 0
2 0 20 0 0 1 0 0 6 7 0 0
241 7 8 7 0 -1 -1 -1 3
0 0 6 0 0 8 0 1 7 8 0 0
1 0 18 0 0 2 0 2 8 6 0 0
2 0 20 0 0 1 0 0 6 7 0 0
259 7 9 7 0 -1 -1 -1 3
0 0 11 0 0 8 0 1 7 9 0 0
1 0 18 0 0 2 0 2 9 0 0 0
2 0 20 0 0 1 0 0 0 7 0 0
267 7 5 7 0 -1 -1 -1 3
0 0 7 0 0 8 0 1 7 5 0 0
1 0 18 0 0 2 0 2 5 3 0 0
2 0 20 0 0 1 0 0 3 7 0 0
269 7 0 7 0 -1 -1 -1 3
0 0 11 0 0 8 0 1 7 0 0 0
1 0 18 0 0 2 0 2 0 5 0 0
2 0 20 0 0 1 0 0 5 7 0 0
280 7 2 7 0 -1 -1 -1 3
0 0 8 0 0 8 0 1 7 2 0 0
1 0 18 0 0 2 0 2 2 6 0 0
2 0 20 0 0 1 0 0 6 7 0 0
285 7 8 7 0 -1 -1 -1 3
0 0 8 0 0 8 0 1 7 8 0 0
1 0 18 0 0 2 0 2 8 3 0 0
2 0 20 0 0 1 0 0 3 7 0 0
17 8 2 8 0 -1 -1 -1 3
0 0 15 0 0 8 0 1 8 2 0 0
1 0 18 0 0 2 0 2 2 7 0 0
2 0 20 0 0 1 0 0 7 8 0 0
19 8 7 8 0 -1 -1 -1 3
0 0 15 0 0 8 0 1 8 7 0 0
1 0 18 0 0 2 0 2 7 6 0 0
2 0 20 0 0 1 0 0 6 8 0 0
25 8 0 8 0 -1 -1 -1 3
0 0 7 0 0 8 0 1 8 0 0 0
1 0 18 0 0 2 0 2 0 2 0 0
2 0 20 0 0 1 0 0 2 8 0 0
27 8 6 8 0 -1 -1 -1 3
0 0 14 0 0 8 0 1 8 6 0 0
1 0 18 0 0 2 0 2 6 1 0 0
2 0 20 0 0 1 0 0 1 8 0 0
39 8 5 8 0 -1 -1 -1 3
0 0 7 0 0 8 0 1 8 5 0 0
1 0 18 0 0 2 0 2 5 4 0 0
2 0 20 0 0 1 0 0 4 8 0 0
42 8 3 8 0 -1 -1 -1 3
0 0 10 0 0 8 0 1 8 3 0 0
1 0 18 0 0 2 0 2 3 6 0 0
2 0 20 0 0 1 0 0 6 8 0 0
55 8 2 8 0 -1 -1 -1 3
0 0 9 0 0 8 0 1 8 2 0 0
1 0 18 0 0 2 0 2 2 0 0 0
2 0 20 0 0 1 0 0 0 8 0 0
62 8 4 8 0 -1 -1 -1 3
0 0 6 0 0 8 0 1 8 4 0 0
1 0 18 0 0 2 0 2 4 5 0 0
2 0 20 0 0 1 0 0 5 8 0 0
69 8 4 8 0 -1 -1 -1 3
0 0 7 0 0 8 0 1 8 4 0 0
1 0 18 0 0 2 0 2 4 0 0 0
2 0 20 0 0 1 0 0 0 8 0 0
72 8 3 8 0 -1 -1 -1 3
0 0 8 0 0 8 0 1 8 3 0 0
1 0 18 0 0 2 0 2 3 9 0 0
2 0 20 0 0 1 0 0 9 8 0 0
76 8 1 8 0 -1 -1 -1 3
0 0 14 0 0 8 0 1 8 1 0 0
1 0 18 0 0 2 0 2 1 2 0 0
2 0 20 0 0 1 0 0 2 8 0 0
88 8 1 8 0 -1 -1 -1 3
0 0 11 0 0 8 0 1 8 1 0 0
1 0 18 0 0 2 0 2 1 0 0 0
2 0 20 0 0 1 0 0 0 8 0 0
100 8 2 8 0 -1 -1 -1 3
0 0 6 0 0 8 0 1 8 2 0 0
1 0 18 0 0 2 0 2 2 5 0 0
2 0 20 0 0 1 0 0 5 8 0 0
110 8 7 8 0 -1 -1 -1 3
0 0 12 0 0 8 0 1 8 7 0 0
1 0 18 0 0 2 0 2 7 6 0 0
2 0 20 0 0 1 0 0 6 8 0 0
134 8 1 8 0 -1 -1 -1 3
0 0 9 0 0 8 0 1 8 1 0 0
1 0 18 0 0 2 0 2 1 9 0 0
2 0 20 0 0 1 0 0 9 8 0 0
136 8 1 8 0 -1 -1 -1 3
0 0 11 0 0 8 0 1 8 1 0 0
1 0 18 0 0 2 0 2 1 3 0 0
2 0 20 0 0 1 0 0 3 8 0 0
148 8 5 8 0 -1 -1 -1 3
0 0 6 0 0 8 0 1 8 5 0 0
1 0 18 0 0 2 0 2 5 7 0 0
2 0 20 0 0 1 0 0 7 8 0 0
159 8 5 8 0 -1 -1 -1 3
0 0 10 0 0 8 0 1 8 5 0 0
1 0 18 0 0 2 0 2 5 1 0 0
2 0 20 0 0 1 0 0 1 8 0 0
172 8 4 8 0 -1 -1 -1 3
0 0 13 0 0 8 0 1 8 4 0 0
1 0 18 0 0 2 0 2 4 1 0 0
2 0 20 0 0 1 0 0 1 8 0 0
182 8 4 8 0 -1 -1 -1 3
0 0 14 0 0 8 0 1 8 4 0 0
1 0 18 0 0 2 0 2 4 1 0 0
2 0 20 0 0 1 0 0 1 8 0 0
189 8 2 8 0 -1 -1 -1 3
0 0 13 0 0 8 0 1 8 2 0 0
1 0 18 0 0 2 0 2 2 0 0 0
2 0 20 0 0 1 0 0 0 8 0 0
219 8 6 8 0 -1 -1 -1 3
0 0 12 0 0 8 0 1 8 6 0 0
1 0 18 0 0 2 0 2 6 4 0 0
2 0 20 0 0 1 0 0 4 8 0 0
222 8 5 8 0 -1 -1 -1 3
0 0 6 0 0 8 0 1 8 5 0 0
1 0 18 0 0 2 0 2 5 1 0 0
2 0 20 0 0 1 0 0 1 8 0 0
243 8 6 8 0 -1 -1 -1 3
0 0 10 0 0 8 0 1 8 6 0 0
1 0 18 0 0 2 0 2 6 1 0 0
2 0 20 0 0 1 0 0 1 8 0 0
246 8 7 8 0 -1 -1 -1 3
0 0 8 0 0 8 0 1 8 7 0 0
1 0 18 0 0 2 0 2 7 6 0 0
2 0 20 0 0 1 0 0 6 8 0 0
254 8 0 8 0 -1 -1 -1 3
0 0 13 0 0 8 0 1 8 0 0 0
1 0 18 0 0 2 0 2 0 5 0 0
2 0 20 0 0 1 0 0 5 8 0 0
255 8 2 8 0 -1 -1 -1 3
0 0 6 0 0 8 0 1 8 2 0 0
1 0 18 0 0 2 0 2 2 0 0 0
2 0 20 0 0 1 0 0 0 8 0 0
258 8 2 8 0 -1 -1 -1 3
0 0 11 0 0 8 0 1 8 2 0 0
1 0 18 0 0 2 0 2 2 7 0 0
2 0 20 0 0 1 0 0 7 8 0 0
264 8 2 8 0 -1 -1 -1 3
0 0 8 0 0 8 0 1 8 2 0 0
1 0 18 0 0 2 0 2 2 6 0 0
2 0 20 0 0 1 0 0 6 8 0 0
266 8 1 8 0 -1 -1 -1 3
0 0 8 0 0 8 0 1 8 1 0 0
1 0 18 0 0 2 0 2 1 0 0 0
2 0 20 0 0 1 0 0 0 8 0 0
273 8 6 8 0 -1 -1 -1 3
0 0 15 0 0 8 0 1 8 6 0 0
1 0 18 0 0 2 0 2 6 5 0 0
2 0 20 0 0 1 0 0 5 8 0 0
