3 0 9 7 1 0 1 0 3
0 0 8 0 0 8 0 1 0 9 0 0
1 0 6 0 0 8 0 2 9 7 0 1
2 0 6 0 0 8 0 0 7 0 0 1
13 0 2 0 1 0 0 2 3
0 0 6 0 0 8 0 1 0 2 0 0
1 0 7 0 0 8 0 2 2 1 0 1
2 0 7 0 0 8 0 0 1 0 0 1
14 0 5 0 0 -1 -1 5 3
0 0 8 0 0 8 0 1 0 5 0 0
1 0 7 0 0 8 0 2 5 7 0 0
2 0 8 0 0 8 0 0 7 0 0 1
29 0 8 8 1 0 0 9 3
0 0 7 0 0 8 0 1 0 8 0 0
1 0 6 0 0 8 0 2 8 9 0 0
2 0 7 0 0 8 0 0 9 0 0 1
34 0 3 0 0 -1 -1 3 3
0 0 7 0 0 8 0 1 0 3 0 0
1 0 8 0 0 8 0 2 3 5 0 0
2 0 7 0 0 8 0 0 5 0 0 1
38 0 1 5 1 0 1 0 3
0 0 6 0 0 8 0 1 0 1 0 0
1 0 6 0 0 8 0 2 1 5 0 0
2 0 6 0 0 8 0 0 5 0 0 1
41 0 5 0 0 -1 -1 5 3
0 0 7 0 0 8 0 1 0 5 0 0
1 0 7 0 0 8 0 2 5 8 0 0
2 0 7 0 0 8 0 0 8 0 0 1
72 0 1 8 1 0 1 0 3
0 0 6 0 0 8 0 1 0 1 0 0
1 0 8 0 0 8 0 2 1 8 0 0
2 0 6 0 0 8 0 0 8 0 0 1
96 0 3 9 1 0 1 0 3
0 0 7 0 0 8 0 1 0 3 0 0
1 0 7 0 0 8 0 2 3 9 0 0
2 0 6 0 0 8 0 0 9 0 0 1
103 0 4 6 1 0 1 0 3
0 0 7 0 0 8 0 1 0 4 0 0
1 0 6 0 0 8 0 2 4 6 0 0
2 0 6 0 0 8 0 0 6 0 0 1
104 0 8 8 1 0 1 3 3
0 0 6 0 0 8 0 1 0 8 0 0
1 0 6 0 0 8 0 2 8 3 0 1
2 0 8 0 0 8 0 0 3 0 0 1
108 0 9 0 0 -1 -1 9 3
0 0 8 0 0 8 0 1 0 9 0 0
1 0 8 0 0 8 0 2 9 1 0 1
2 0 8 0 0 8 0 0 1 0 0 1
127 0 5 0 0 -1 -1 5 3
0 0 7 0 0 8 0 1 0 5 0 0
1 0 8 0 0 8 0 2 5 6 0 0
2 0 7 0 0 8 0 0 6 0 0 1
128 0 1 4 1 0 1 0 3
0 0 8 0 0 8 0 1 0 1 0 0
1 0 6 0 0 8 0 2 1 4 0 0
2 0 6 0 0 8 0 0 4 0 0 1
129 0 3 0 0 -1 -1 3 3
0 0 8 0 0 8 0 1 0 3 0 0
1 0 7 0 0 8 0 2 3 2 0 0
2 0 7 0 0 8 0 0 2 0 0 1
141 0 6 0 0 -1 -1 6 3
0 0 7 0 0 8 0 1 0 6 0 0
1 0 7 0 0 8 0 2 6 1 0 1
2 0 8 0 0 8 0 0 1 0 0 1
145 0 2 0 0 -1 -1 2 3
0 0 8 0 0 8 0 1 0 2 0 0
1 0 8 0 0 8 0 2 2 6 0 0
2 0 8 0 0 8 0 0 6 0 0 1
147 0 9 3 1 0 1 0 3
0 0 8 0 0 8 0 1 0 9 0 0
1 0 7 0 0 8 0 2 9 3 0 1
2 0 6 0 0 8 0 0 3 0 0 1
152 0 2 6 1 0 1 0 3
0 0 6 0 0 8 0 1 0 2 0 0
1 0 7 0 0 8 0 2 2 6 0 0
2 0 6 0 0 8 0 0 6 0 0 1
170 0 9 5 1 0 1 0 3
0 0 6 0 0 8 0 1 0 9 0 0
1 0 8 0 0 8 0 2 9 5 0 1
2 0 6 0 0 8 0 0 5 0 0 1
191 0 5 9 1 0 1 0 3
0 0 8 0 0 8 0 1 0 5 0 0
1 0 8 0 0 8 0 2 5 9 0 0
2 0 6 0 0 8 0 0 9 0 0 1
192 0 9 0 0 -1 -1 9 3
0 0 7 0 0 8 0 1 0 9 0 0
1 0 7 0 0 8 0 2 9 4 0 1
2 0 7 0 0 8 0 0 4 0 0 1
199 0 8 2 1 0 1 0 3
0 0 7 0 0 8 0 1 0 8 0 0
1 0 6 0 0 8 0 2 8 2 0 1
2 0 6 0 0 8 0 0 2 0 0 1
204 0 8 0 0 -1 -1 8 3
0 0 7 0 0 8 0 1 0 8 0 0
1 0 7 0 0 8 0 2 8 9 0 0
2 0 8 0 0 8 0 0 9 0 0 1
231 0 9 3 1 0 1 0 3
0 0 6 0 0 8 0 1 0 9 0 0
1 0 8 0 0 8 0 2 9 3 0 1
2 0 6 0 0 8 0 0 3 0 0 1
252 0 1 1 1 0 0 4 3
0 0 6 0 0 8 0 1 0 1 0 0
1 0 6 0 0 8 0 2 1 4 0 0
2 0 8 0 0 8 0 0 4 0 0 1
257 0 4 0 0 -1 -1 4 3
0 0 7 0 0 8 0 1 0 4 0 0
1 0 8 0 0 8 0 2 4 3 0 1
2 0 8 0 0 8 0 0 3 0 0 1
258 0 2 7 1 0 1 0 3
0 0 7 0 0 8 0 1 0 2 0 0
1 0 6 0 0 8 0 2 2 7 0 0
2 0 6 0 0 8 0 0 7 0 0 1
259 0 8 0 0 -1 -1 8 3
0 0 8 0 0 8 0 1 0 8 0 0
1 0 8 0 0 8 0 2 8 1 0 1
2 0 7 0 0 8 0 0 1 0 0 1
273 0 2 6 1 0 1 0 3
0 0 6 0 0 8 0 1 0 2 0 0
1 0 7 0 0 8 0 2 2 6 0 0
2 0 6 0 0 8 0 0 6 0 0 1
287 0 6 0 0 -1 -1 6 3
0 0 7 0 0 8 0 1 0 6 0 0
1 0 7 0 0 8 0 2 6 2 0 1
2 0 8 0 0 8 0 0 2 0 0 1
292 0 9 9 1 0 1 6 3
0 0 8 0 0 8 0 1 0 9 0 0
1 0 6 0 0 8 0 2 9 6 0 1
2 0 8 0 0 8 0 0 6 0 0 1
295 0 4 7 1 0 1 0 3
0 0 6 0 0 8 0 1 0 4 0 0
1 0 6 0 0 8 0 2 4 7 0 0
2 0 6 0 0 8 0 0 7 0 0 1
35 1 4 1 1 0 0 4 3
0 0 6 0 0 8 0 1 1 4 0 0
1 0 8 0 0 8 0 2 4 6 0 0
2 0 8 0 0 8 0 0 6 1 0 1
56 1 9 7 1 0 1 1 3
0 0 6 0 0 8 0 1 1 9 0 0
1 0 7 0 0 8 0 2 9 7 0 1
2 0 6 0 0 8 0 0 7 1 0 1
60 1 5 5 1 0 0 7 3
0 0 7 0 0 8 0 1 1 5 0 0
1 0 6 0 0 8 0 2 5 7 0 0
2 0 8 0 0 8 0 0 7 1 0 1
62 1 0 9 1 0 1 1 3
0 0 7 0 0 8 0 1 1 0 0 1
1 0 6 0 0 8 0 2 0 9 0 0
2 0 6 0 0 8 0 0 9 1 0 1
75 1 6 1 1 0 0 6 3
0 0 6 0 0 8 0 1 1 6 0 0
1 0 7 0 0 8 0 2 6 7 0 1
2 0 7 0 0 8 0 0 7 1 0 1
84 1 3 1 0 -1 -1 3 3
0 0 7 0 0 8 0 1 1 3 0 1
1 0 7 0 0 8 0 2 3 4 0 0
2 0 7 0 0 8 0 0 4 1 0 1
97 1 5 1 0 -1 -1 5 3
0 0 7 0 0 8 0 1 1 5 0 0
1 0 8 0 0 8 0 2 5 0 0 1
2 0 8 0 0 8 0 0 0 1 0 0
116 1 2 1 0 -1 -1 2 3
0 0 8 0 0 8 0 1 1 2 0 0
1 0 7 0 0 8 0 2 2 5 0 0
2 0 8 0 0 8 0 0 5 1 0 1
122 1 9 3 1 0 0 1 3
0 0 8 0 0 8 0 1 1 9 0 0
1 0 7 0 0 8 0 2 9 3 0 1
2 0 6 0 0 8 0 0 3 1 0 0
133 1 2 9 1 0 1 1 3
0 0 7 0 0 8 0 1 1 2 0 0
1 0 6 0 0 8 0 2 2 9 0 0
2 0 6 0 0 8 0 0 9 1 0 1
146 1 2 2 1 0 1 0 3
0 0 7 0 0 8 0 1 1 2 0 0
1 0 6 0 0 8 0 2 2 0 0 1
2 0 7 0 0 8 0 0 0 1 0 0
206 1 5 1 0 -1 -1 5 3
0 0 8 0 0 8 0 1 1 5 0 0
1 0 7 0 0 8 0 2 5 2 0 1
2 0 8 0 0 8 0 0 2 1 0 1
225 1 3 9 1 0 1 1 3
0 0 6 0 0 8 0 1 1 3 0 1
1 0 7 0 0 8 0 2 3 9 0 0
2 0 6 0 0 8 0 0 9 1 0 1
234 1 3 1 1 0 1 3 3
0 0 6 0 0 8 0 1 1 3 0 1
1 0 8 0 0 8 0 2 3 4 0 0
2 0 7 0 0 8 0 0 4 1 0 1
235 1 9 1 0 -1 -1 9 3
0 0 8 0 0 8 0 1 1 9 0 0
1 0 7 0 0 8 0 2 9 7 0 1
2 0 8 0 0 8 0 0 7 1 0 1
241 1 5 1 0 -1 -1 5 3
0 0 8 0 0 8 0 1 1 5 0 0
1 0 8 0 0 8 0 2 5 6 0 0
2 0 7 0 0 8 0 0 6 1 0 1
244 1 0 0 1 0 0 7 3
0 0 8 0 0 8 0 1 1 0 0 1
1 0 6 0 0 8 0 2 0 7 0 0
2 0 7 0 0 8 0 0 7 1 0 1
251 1 5 5 1 0 1 2 3
0 0 7 0 0 8 0 1 1 5 0 0
1 0 6 0 0 8 0 2 5 2 0 1
2 0 7 0 0 8 0 0 2 1 0 1
272 1 2 2 1 0 1 3 3
0 0 8 0 0 8 0 1 1 2 0 0
1 0 6 0 0 8 0 2 2 3 0 1
2 0 8 0 0 8 0 0 3 1 0 0
278 1 0 0 1 0 0 5 3
0 0 6 0 0 8 0 1 1 0 0 1
1 0 6 0 0 8 0 2 0 5 0 0
2 0 7 0 0 8 0 0 5 1 0 1
291 1 7 3 1 0 0 1 3
0 0 7 0 0 8 0 1 1 7 0 0
1 0 7 0 0 8 0 2 7 3 0 1
2 0 6 0 0 8 0 0 3 1 0 0
294 1 5 2 1 0 1 1 3
0 0 8 0 0 8 0 1 1 5 0 0
1 0 6 0 0 8 0 2 5 2 0 1
2 0 6 0 0 8 0 0 2 1 0 1
298 1 3 1 1 0 1 3 3
0 0 6 0 0 8 0 1 1 3 0 1
1 0 8 0 0 8 0 2 3 4 0 0
2 0 8 0 0 8 0 0 4 1 0 1
1 2 7 2 0 -1 -1 7 3
0 0 8 0 0 8 0 1 2 7 0 0
1 0 7 0 0 8 0 2 7 0 0 1
2 0 8 0 0 8 0 0 0 2 0 0
4 2 7 7 1 0 0 9 3
0 0 6 0 0 8 0 1 2 7 0 0
1 0 6 0 0 8 0 2 7 9 0 0
2 0 7 0 0 8 0 0 9 2 0 1
7 2 0 2 0 -1 -1 0 3
0 0 8 0 0 8 0 1 2 0 0 1
1 0 7 0 0 8 0 2 0 8 0 0
2 0 8 0 0 8 0 0 8 2 0 1
8 2 1 2 0 -1 -1 1 3
0 0 8 0 0 8 0 1 2 1 0 1
1 0 7 0 0 8 0 2 1 8 0 0
2 0 8 0 0 8 0 0 8 2 0 1
27 2 1 3 1 0 0 2 3
0 0 8 0 0 8 0 1 2 1 0 1
1 0 7 0 0 8 0 2 1 3 0 1
2 0 6 0 0 8 0 0 3 2 0 0
39 2 5 7 1 0 1 2 3
0 0 8 0 0 8 0 1 2 5 0 0
1 0 6 0 0 8 0 2 5 7 0 0
2 0 6 0 0 8 0 0 7 2 0 1
46 2 5 5 1 0 0 9 3
0 0 6 0 0 8 0 1 2 5 0 0
1 0 6 0 0 8 0 2 5 9 0 0
2 0 8 0 0 8 0 0 9 2 0 1
58 2 1 4 1 0 0 2 3
0 0 8 0 0 8 0 1 2 1 0 1
1 0 8 0 0 8 0 2 1 4 0 0
2 0 6 0 0 8 0 0 4 2 0 0
65 2 4 2 0 -1 -1 4 3
0 0 8 0 0 8 0 1 2 4 0 1
1 0 8 0 0 8 0 2 4 6 0 0
2 0 7 0 0 8 0 0 6 2 0 1
67 2 0 2 0 -1 -1 0 3
0 0 7 0 0 8 0 1 2 0 0 1
1 0 7 0 0 8 0 2 0 7 0 0
2 0 7 0 0 8 0 0 7 2 0 1
69 2 9 8 1 0 1 2 3
0 0 6 0 0 8 0 1 2 9 0 0
1 0 8 0 0 8 0 2 9 8 0 1
2 0 6 0 0 8 0 0 8 2 0 1
71 2 7 2 1 0 0 7 3
0 0 6 0 0 8 0 1 2 7 0 0
1 0 8 0 0 8 0 2 7 0 0 1
2 0 7 0 0 8 0 0 0 2 0 0
82 2 7 0 1 0 0 2 3
0 0 6 0 0 8 0 1 2 7 0 0
1 0 7 0 0 8 0 2 7 0 0 1
2 0 6 0 0 8 0 0 0 2 0 0
87 2 4 9 1 0 1 2 3
0 0 8 0 0 8 0 1 2 4 0 1
1 0 6 0 0 8 0 2 4 9 0 0
2 0 6 0 0 8 0 0 9 2 0 1
89 2 5 2 0 -1 -1 5 3
0 0 7 0 0 8 0 1 2 5 0 0
1 0 8 0 0 8 0 2 5 4 0 1
2 0 8 0 0 8 0 0 4 2 0 0
93 2 6 2 0 -1 -1 6 3
0 0 8 0 0 8 0 1 2 6 0 0
1 0 8 0 0 8 0 2 6 9 0 0
2 0 7 0 0 8 0 0 9 2 0 1
106 2 4 1 1 0 0 2 3
0 0 6 0 0 8 0 1 2 4 0 1
1 0 7 0 0 8 0 2 4 1 0 1
2 0 6 0 0 8 0 0 1 2 0 0
112 2 4 2 0 -1 -1 4 3
0 0 8 0 0 8 0 1 2 4 0 1
1 0 7 0 0 8 0 2 4 8 0 0
2 0 8 0 0 8 0 0 8 2 0 1
132 2 6 6 1 0 1 8 3
0 0 6 0 0 8 0 1 2 6 0 0
1 0 6 0 0 8 0 2 6 8 0 1
2 0 7 0 0 8 0 0 8 2 0 1
134 2 3 0 1 0 0 2 3
0 0 8 0 0 8 0 1 2 3 0 1
1 0 7 0 0 8 0 2 3 0 0 1
2 0 6 0 0 8 0 0 0 2 0 0
137 2 5 2 0 -1 -1 5 3
0 0 8 0 0 8 0 1 2 5 0 0
1 0 8 0 0 8 0 2 5 6 0 0
2 0 8 0 0 8 0 0 6 2 0 1
157 2 6 6 1 0 1 1 3
0 0 6 0 0 8 0 1 2 6 0 0
1 0 6 0 0 8 0 2 6 1 0 1
2 0 7 0 0 8 0 0 1 2 0 0
158 2 4 7 1 0 1 2 3
0 0 8 0 0 8 0 1 2 4 0 1
1 0 7 0 0 8 0 2 4 7 0 0
2 0 6 0 0 8 0 0 7 2 0 1
161 2 6 6 1 0 1 7 3
0 0 8 0 0 8 0 1 2 6 0 0
1 0 6 0 0 8 0 2 6 7 0 1
2 0 7 0 0 8 0 0 7 2 0 1
162 2 1 2 0 -1 -1 1 3
0 0 7 0 0 8 0 1 2 1 0 1
1 0 7 0 0 8 0 2 1 0 0 1
2 0 8 0 0 8 0 0 0 2 0 0
166 2 4 3 1 0 0 2 3
0 0 6 0 0 8 0 1 2 4 0 1
1 0 6 0 0 8 0 2 4 3 0 1
2 0 6 0 0 8 0 0 3 2 0 0
189 2 9 2 1 0 0 9 3
0 0 6 0 0 8 0 1 2 9 0 0
1 0 8 0 0 8 0 2 9 0 0 1
2 0 8 0 0 8 0 0 0 2 0 0
196 2 8 2 0 -1 -1 8 3
0 0 8 0 0 8 0 1 2 8 0 0
1 0 8 0 0 8 0 2 8 6 0 0
2 0 8 0 0 8 0 0 6 2 0 1
210 2 7 2 0 -1 -1 7 3
0 0 7 0 0 8 0 1 2 7 0 0
1 0 8 0 0 8 0 2 7 1 0 1
2 0 8 0 0 8 0 0 1 2 0 0
220 2 1 4 1 0 0 2 3
0 0 7 0 0 8 0 1 2 1 0 1
1 0 7 0 0 8 0 2 1 4 0 0
2 0 6 0 0 8 0 0 4 2 0 0
221 2 3 2 0 -1 -1 3 3
0 0 7 0 0 8 0 1 2 3 0 1
1 0 8 0 0 8 0 2 3 0 0 1
2 0 7 0 0 8 0 0 0 2 0 0
260 2 1 2 0 -1 -1 1 3
0 0 7 0 0 8 0 1 2 1 0 1
1 0 8 0 0 8 0 2 1 6 0 0
2 0 8 0 0 8 0 0 6 2 0 1
263 2 1 1 1 0 0 6 3
0 0 6 0 0 8 0 1 2 1 0 1
1 0 6 0 0 8 0 2 1 6 0 0
2 0 7 0 0 8 0 0 6 2 0 1
283 2 6 3 1 0 0 2 3
0 0 7 0 0 8 0 1 2 6 0 0
1 0 8 0 0 8 0 2 6 3 0 1
2 0 6 0 0 8 0 0 3 2 0 0
286 2 0 5 1 0 1 2 3
0 0 7 0 0 8 0 1 2 0 0 1
1 0 8 0 0 8 0 2 0 5 0 0
2 0 6 0 0 8 0 0 5 2 0 1
300 2 3 2 1 0 1 3 3
0 0 6 0 0 8 0 1 2 3 0 1
1 0 8 0 0 8 0 2 3 1 0 0
2 0 7 0 0 8 0 0 1 2 0 0
12 3 1 3 0 -1 -1 1 3
0 0 8 0 0 8 0 1 3 1 0 0
1 0 7 0 0 8 0 2 1 5 0 0
2 0 7 0 0 8 0 0 5 3 0 1
15 3 5 5 1 0 1 0 3
0 0 8 0 0 8 0 1 3 5 0 0
1 0 6 0 0 8 0 2 5 0 0 1
2 0 7 0 0 8 0 0 0 3 0 0
18 3 0 8 1 0 1 3 3
0 0 8 0 0 8 0 1 3 0 0 1
1 0 8 0 0 8 0 2 0 8 0 0
2 0 6 0 0 8 0 0 8 3 0 1
21 3 0 3 0 -1 -1 0 3
0 0 8 0 0 8 0 1 3 0 0 1
1 0 7 0 0 8 0 2 0 9 0 0
2 0 7 0 0 8 0 0 9 3 0 1
22 3 4 3 1 0 0 4 3
0 0 6 0 0 8 0 1 3 4 0 0
1 0 8 0 0 8 0 2 4 0 0 1
2 0 8 0 0 8 0 0 0 3 0 0
48 3 7 7 1 0 1 2 3
0 0 6 0 0 8 0 1 3 7 0 0
1 0 6 0 0 8 0 2 7 2 0 1
2 0 7 0 0 8 0 0 2 3 0 1
68 3 4 1 1 0 1 3 3
0 0 7 0 0 8 0 1 3 4 0 0
1 0 7 0 0 8 0 2 4 1 0 1
2 0 6 0 0 8 0 0 1 3 0 1
79 3 8 3 0 -1 -1 8 3
0 0 7 0 0 8 0 1 3 8 0 0
1 0 7 0 0 8 0 2 8 7 0 1
2 0 8 0 0 8 0 0 7 3 0 1
90 3 4 4 1 0 0 8 3
0 0 6 0 0 8 0 1 3 4 0 0
1 0 6 0 0 8 0 2 4 8 0 0
2 0 8 0 0 8 0 0 8 3 0 1
99 3 8 3 1 0 0 8 3
0 0 6 0 0 8 0 1 3 8 0 0
1 0 8 0 0 8 0 2 8 5 0 1
2 0 7 0 0 8 0 0 5 3 0 1
114 3 6 0 1 0 0 3 3
0 0 7 0 0 8 0 1 3 6 0 0
1 0 7 0 0 8 0 2 6 0 0 1
2 0 6 0 0 8 0 0 0 3 0 0
143 3 5 5 1 0 0 7 3
0 0 7 0 0 8 0 1 3 5 0 0
1 0 6 0 0 8 0 2 5 7 0 0
2 0 7 0 0 8 0 0 7 3 0 1
163 3 9 9 1 0 1 0 3
0 0 8 0 0 8 0 1 3 9 0 0
1 0 6 0 0 8 0 2 9 0 0 1
2 0 8 0 0 8 0 0 0 3 0 0
172 3 5 7 1 0 1 3 3
0 0 8 0 0 8 0 1 3 5 0 0
1 0 6 0 0 8 0 2 5 7 0 0
2 0 6 0 0 8 0 0 7 3 0 1
181 3 7 3 0 -1 -1 7 3
0 0 8 0 0 8 0 1 3 7 0 0
1 0 7 0 0 8 0 2 7 5 0 1
2 0 7 0 0 8 0 0 5 3 0 1
184 3 0 3 0 -1 -1 0 3
0 0 7 0 0 8 0 1 3 0 0 1
1 0 7 0 0 8 0 2 0 6 0 0
2 0 7 0 0 8 0 0 6 3 0 1
187 3 2 7 1 0 1 3 3
0 0 8 0 0 8 0 1 3 2 0 0
1 0 6 0 0 8 0 2 2 7 0 0
2 0 6 0 0 8 0 0 7 3 0 1
193 3 7 0 1 0 0 3 3
0 0 8 0 0 8 0 1 3 7 0 0
1 0 6 0 0 8 0 2 7 0 0 1
2 0 6 0 0 8 0 0 0 3 0 0
197 3 5 5 1 0 1 0 3
0 0 8 0 0 8 0 1 3 5 0 0
1 0 6 0 0 8 0 2 5 0 0 1
2 0 8 0 0 8 0 0 0 3 0 0
198 3 4 4 1 0 1 0 3
0 0 6 0 0 8 0 1 3 4 0 0
1 0 6 0 0 8 0 2 4 0 0 1
2 0 7 0 0 8 0 0 0 3 0 0
214 3 7 1 1 0 1 3 3
0 0 7 0 0 8 0 1 3 7 0 0
1 0 7 0 0 8 0 2 7 1 0 1
2 0 6 0 0 8 0 0 1 3 0 1
230 3 1 3 0 -1 -1 1 3
0 0 7 0 0 8 0 1 3 1 0 0
1 0 8 0 0 8 0 2 1 5 0 0
2 0 8 0 0 8 0 0 5 3 0 1
237 3 0 2 1 0 1 3 3
0 0 7 0 0 8 0 1 3 0 0 1
1 0 6 0 0 8 0 2 0 2 0 0
2 0 6 0 0 8 0 0 2 3 0 1
243 3 6 6 1 0 1 5 3
0 0 7 0 0 8 0 1 3 6 0 0
1 0 6 0 0 8 0 2 6 5 0 1
2 0 7 0 0 8 0 0 5 3 0 1
248 3 7 8 1 0 1 3 3
0 0 7 0 0 8 0 1 3 7 0 0
1 0 6 0 0 8 0 2 7 8 0 0
2 0 6 0 0 8 0 0 8 3 0 1
261 3 5 9 1 0 1 3 3
0 0 7 0 0 8 0 1 3 5 0 0
1 0 6 0 0 8 0 2 5 9 0 0
2 0 6 0 0 8 0 0 9 3 0 1
277 3 2 3 0 -1 -1 2 3
0 0 8 0 0 8 0 1 3 2 0 0
1 0 8 0 0 8 0 2 2 9 0 0
2 0 7 0 0 8 0 0 9 3 0 1
289 3 4 3 1 0 0 4 3
0 0 6 0 0 8 0 1 3 4 0 0
1 0 8 0 0 8 0 2 4 0 0 1
2 0 8 0 0 8 0 0 0 3 0 0
299 3 8 3 0 -1 -1 8 3
0 0 8 0 0 8 0 1 3 8 0 0
1 0 7 0 0 8 0 2 8 6 0 0
2 0 7 0 0 8 0 0 6 3 0 1
6 4 2 4 1 0 0 2 3
0 0 6 0 0 8 0 1 4 2 0 0
1 0 7 0 0 8 0 2 2 6 0 0
2 0 8 0 0 8 0 0 6 4 0 1
16 4 8 8 1 0 1 3 3
0 0 7 0 0 8 0 1 4 8 0 0
1 0 6 0 0 8 0 2 8 3 0 1
2 0 8 0 0 8 0 0 3 4 0 0
24 4 5 4 0 -1 -1 5 3
0 0 7 0 0 8 0 1 4 5 0 0
1 0 8 0 0 8 0 2 5 1 0 1
2 0 8 0 0 8 0 0 1 4 0 0
43 4 1 1 1 0 0 8 3
0 0 8 0 0 8 0 1 4 1 0 1
1 0 6 0 0 8 0 2 1 8 0 0
2 0 8 0 0 8 0 0 8 4 0 1
44 4 3 4 0 -1 -1 3 3
0 0 8 0 0 8 0 1 4 3 0 1
1 0 7 0 0 8 0 2 3 5 0 0
2 0 8 0 0 8 0 0 5 4 0 1
45 4 2 1 1 0 0 4 3
0 0 6 0 0 8 0 1 4 2 0 0
1 0 7 0 0 8 0 2 2 1 0 1
2 0 6 0 0 8 0 0 1 4 0 0
64 4 5 4 1 0 0 5 3
0 0 6 0 0 8 0 1 4 5 0 0
1 0 8 0 0 8 0 2 5 0 0 1
2 0 8 0 0 8 0 0 0 4 0 0
73 4 3 4 0 -1 -1 3 3
0 0 8 0 0 8 0 1 4 3 0 1
1 0 8 0 0 8 0 2 3 5 0 0
2 0 8 0 0 8 0 0 5 4 0 1
77 4 0 8 1 0 1 4 3
0 0 6 0 0 8 0 1 4 0 0 1
1 0 7 0 0 8 0 2 0 8 0 0
2 0 6 0 0 8 0 0 8 4 0 1
80 4 9 4 1 0 0 9 3
0 0 6 0 0 8 0 1 4 9 0 0
1 0 8 0 0 8 0 2 9 0 0 1
2 0 8 0 0 8 0 0 0 4 0 0
102 4 7 9 1 0 1 4 3
0 0 8 0 0 8 0 1 4 7 0 0
1 0 8 0 0 8 0 2 7 9 0 0
2 0 6 0 0 8 0 0 9 4 0 1
138 4 5 4 0 -1 -1 5 3
0 0 8 0 0 8 0 1 4 5 0 0
1 0 8 0 0 8 0 2 5 0 0 1
2 0 8 0 0 8 0 0 0 4 0 0
150 4 8 0 1 0 0 4 3
0 0 6 0 0 8 0 1 4 8 0 0
1 0 8 0 0 8 0 2 8 0 0 1
2 0 6 0 0 8 0 0 0 4 0 0
151 4 7 3 1 0 0 4 3
0 0 7 0 0 8 0 1 4 7 0 0
1 0 7 0 0 8 0 2 7 3 0 1
2 0 6 0 0 8 0 0 3 4 0 0
155 4 7 7 1 0 1 3 3
0 0 7 0 0 8 0 1 4 7 0 0
1 0 6 0 0 8 0 2 7 3 0 1
2 0 8 0 0 8 0 0 3 4 0 0
156 4 7 1 1 0 0 4 3
0 0 7 0 0 8 0 1 4 7 0 0
1 0 7 0 0 8 0 2 7 1 0 1
2 0 6 0 0 8 0 0 1 4 0 0
171 4 0 7 1 0 1 4 3
0 0 8 0 0 8 0 1 4 0 0 1
1 0 6 0 0 8 0 2 0 7 0 0
2 0 6 0 0 8 0 0 7 4 0 1
173 4 8 8 1 0 1 0 3
0 0 6 0 0 8 0 1 4 8 0 0
1 0 6 0 0 8 0 2 8 0 0 1
2 0 8 0 0 8 0 0 0 4 0 0
216 4 6 8 1 0 1 4 3
0 0 8 0 0 8 0 1 4 6 0 0
1 0 6 0 0 8 0 2 6 8 0 1
2 0 6 0 0 8 0 0 8 4 0 1
218 4 1 1 1 0 1 3 3
0 0 7 0 0 8 0 1 4 1 0 1
1 0 6 0 0 8 0 2 1 3 0 1
2 0 8 0 0 8 0 0 3 4 0 0
222 4 7 0 1 0 0 4 3
0 0 8 0 0 8 0 1 4 7 0 0
1 0 8 0 0 8 0 2 7 0 0 1
2 0 6 0 0 8 0 0 0 4 0 0
227 4 7 2 1 0 1 4 3
0 0 7 0 0 8 0 1 4 7 0 0
1 0 6 0 0 8 0 2 7 2 0 1
2 0 6 0 0 8 0 0 2 4 0 1
240 4 7 3 1 0 0 4 3
0 0 8 0 0 8 0 1 4 7 0 0
1 0 8 0 0 8 0 2 7 3 0 1
2 0 6 0 0 8 0 0 3 4 0 0
246 4 5 4 0 -1 -1 5 3
0 0 7 0 0 8 0 1 4 5 0 0
1 0 7 0 0 8 0 2 5 7 0 0
2 0 8 0 0 8 0 0 7 4 0 1
250 4 6 6 1 0 1 0 3
0 0 8 0 0 8 0 1 4 6 0 0
1 0 6 0 0 8 0 2 6 0 0 1
2 0 8 0 0 8 0 0 0 4 0 0
256 4 9 9 1 0 1 1 3
0 0 7 0 0 8 0 1 4 9 0 0
1 0 6 0 0 8 0 2 9 1 0 1
2 0 7 0 0 8 0 0 1 4 0 0
270 4 1 4 0 -1 -1 1 3
0 0 8 0 0 8 0 1 4 1 0 1
1 0 7 0 0 8 0 2 1 2 0 0
2 0 7 0 0 8 0 0 2 4 0 1
276 4 5 5 1 0 1 1 3
0 0 6 0 0 8 0 1 4 5 0 0
1 0 6 0 0 8 0 2 5 1 0 1
2 0 8 0 0 8 0 0 1 4 0 0
296 4 1 6 1 0 1 4 3
0 0 7 0 0 8 0 1 4 1 0 1
1 0 6 0 0 8 0 2 1 6 0 0
2 0 6 0 0 8 0 0 6 4 0 1
11 5 7 5 0 -1 -1 7 3
0 0 7 0 0 8 0 1 5 7 0 0
1 0 8 0 0 8 0 2 7 6 0 0
2 0 8 0 0 8 0 0 6 5 0 1
17 5 9 9 1 0 1 7 3
0 0 8 0 0 8 0 1 5 9 0 0
1 0 6 0 0 8 0 2 9 7 0 1
2 0 8 0 0 8 0 0 7 5 0 1
20 5 9 5 0 -1 -1 9 3
0 0 8 0 0 8 0 1 5 9 0 0
1 0 8 0 0 8 0 2 9 7 0 1
2 0 8 0 0 8 0 0 7 5 0 1
30 5 6 5 1 0 0 6 3
0 0 6 0 0 8 0 1 5 6 0 0
1 0 7 0 0 8 0 2 6 9 0 0
2 0 7 0 0 8 0 0 9 5 0 1
54 5 8 1 1 0 0 5 3
0 0 8 0 0 8 0 1 5 8 0 0
1 0 6 0 0 8 0 2 8 1 0 1
2 0 6 0 0 8 0 0 1 5 0 0
78 5 1 5 0 -1 -1 1 3
0 0 7 0 0 8 0 1 5 1 0 1
1 0 8 0 0 8 0 2 1 0 0 1
2 0 8 0 0 8 0 0 0 5 0 0
88 5 1 8 1 0 1 5 3
0 0 8 0 0 8 0 1 5 1 0 1
1 0 7 0 0 8 0 2 1 8 0 0
2 0 6 0 0 8 0 0 8 5 0 1
94 5 2 5 1 0 1 2 3
0 0 6 0 0 8 0 1 5 2 0 1
1 0 7 0 0 8 0 2 2 7 0 0
2 0 8 0 0 8 0 0 7 5 0 1
95 5 8 5 0 -1 -1 8 3
0 0 8 0 0 8 0 1 5 8 0 0
1 0 7 0 0 8 0 2 8 7 0 1
2 0 7 0 0 8 0 0 7 5 0 1
105 5 8 7 1 0 1 5 3
0 0 8 0 0 8 0 1 5 8 0 0
1 0 6 0 0 8 0 2 8 7 0 1
2 0 6 0 0 8 0 0 7 5 0 1
107 5 7 5 0 -1 -1 7 3
0 0 7 0 0 8 0 1 5 7 0 0
1 0 8 0 0 8 0 2 7 2 0 1
2 0 7 0 0 8 0 0 2 5 0 0
110 5 8 8 1 0 1 4 3
0 0 8 0 0 8 0 1 5 8 0 0
1 0 6 0 0 8 0 2 8 4 0 1
2 0 8 0 0 8 0 0 4 5 0 0
111 5 4 4 1 0 0 7 3
0 0 6 0 0 8 0 1 5 4 0 1
1 0 6 0 0 8 0 2 4 7 0 0
2 0 8 0 0 8 0 0 7 5 0 1
115 5 7 1 1 0 0 5 3
0 0 6 0 0 8 0 1 5 7 0 0
1 0 8 0 0 8 0 2 7 1 0 1
2 0 6 0 0 8 0 0 1 5 0 0
118 5 8 8 1 0 1 3 3
0 0 8 0 0 8 0 1 5 8 0 0
1 0 6 0 0 8 0 2 8 3 0 1
2 0 8 0 0 8 0 0 3 5 0 0
123 5 4 4 1 0 0 9 3
0 0 8 0 0 8 0 1 5 4 0 1
1 0 6 0 0 8 0 2 4 9 0 0
2 0 8 0 0 8 0 0 9 5 0 1
149 5 3 7 1 0 1 5 3
0 0 6 0 0 8 0 1 5 3 0 1
1 0 7 0 0 8 0 2 3 7 0 0
2 0 6 0 0 8 0 0 7 5 0 1
154 5 1 1 1 0 0 6 3
0 0 8 0 0 8 0 1 5 1 0 1
1 0 6 0 0 8 0 2 1 6 0 0
2 0 8 0 0 8 0 0 6 5 0 1
202 5 8 5 0 -1 -1 8 3
0 0 8 0 0 8 0 1 5 8 0 0
1 0 8 0 0 8 0 2 8 0 0 1
2 0 8 0 0 8 0 0 0 5 0 0
203 5 6 7 1 0 1 5 3
0 0 8 0 0 8 0 1 5 6 0 0
1 0 8 0 0 8 0 2 6 7 0 1
2 0 6 0 0 8 0 0 7 5 0 1
205 5 6 5 0 -1 -1 6 3
0 0 7 0 0 8 0 1 5 6 0 0
1 0 7 0 0 8 0 2 6 9 0 0
2 0 7 0 0 8 0 0 9 5 0 1
211 5 6 5 1 0 0 6 3
0 0 6 0 0 8 0 1 5 6 0 0
1 0 8 0 0 8 0 2 6 2 0 1
2 0 7 0 0 8 0 0 2 5 0 0
217 5 0 5 1 0 1 0 3
0 0 6 0 0 8 0 1 5 0 0 1
1 0 7 0 0 8 0 2 0 8 0 0
2 0 8 0 0 8 0 0 8 5 0 1
223 5 0 3 1 0 0 5 3
0 0 6 0 0 8 0 1 5 0 0 1
1 0 8 0 0 8 0 2 0 3 0 0
2 0 6 0 0 8 0 0 3 5 0 0
249 5 4 5 1 0 1 4 3
0 0 6 0 0 8 0 1 5 4 0 1
1 0 7 0 0 8 0 2 4 2 0 0
2 0 8 0 0 8 0 0 2 5 0 0
255 5 2 4 1 0 0 5 3
0 0 7 0 0 8 0 1 5 2 0 1
1 0 7 0 0 8 0 2 2 4 0 1
2 0 6 0 0 8 0 0 4 5 0 0
271 5 6 6 1 0 0 9 3
0 0 6 0 0 8 0 1 5 6 0 0
1 0 6 0 0 8 0 2 6 9 0 0
2 0 7 0 0 8 0 0 9 5 0 1
274 5 8 3 1 0 0 5 3
0 0 8 0 0 8 0 1 5 8 0 0
1 0 6 0 0 8 0 2 8 3 0 1
2 0 6 0 0 8 0 0 3 5 0 0
281 5 1 5 1 0 1 1 3
0 0 6 0 0 8 0 1 5 1 0 1
1 0 8 0 0 8 0 2 1 8 0 0
2 0 7 0 0 8 0 0 8 5 0 1
297 5 8 5 0 -1 -1 8 3
0 0 8 0 0 8 0 1 5 8 0 0
1 0 7 0 0 8 0 2 8 1 0 1
2 0 8 0 0 8 0 0 1 5 0 0
2 6 5 6 0 -1 -1 5 3
0 0 7 0 0 8 0 1 6 5 0 1
1 0 7 0 0 8 0 2 5 0 0 1
2 0 7 0 0 8 0 0 0 6 0 0
5 6 2 4 1 0 0 6 3
0 0 7 0 0 8 0 1 6 2 0 1
1 0 6 0 0 8 0 2 2 4 0 1
2 0 6 0 0 8 0 0 4 6 0 0
25 6 0 6 1 0 1 0 3
0 0 6 0 0 8 0 1 6 0 0 1
1 0 7 0 0 8 0 2 0 9 0 0
2 0 7 0 0 8 0 0 9 6 0 1
28 6 1 1 1 0 1 0 3
0 0 6 0 0 8 0 1 6 1 0 1
1 0 6 0 0 8 0 2 1 0 0 1
2 0 7 0 0 8 0 0 0 6 0 0
31 6 2 6 0 -1 -1 2 3
0 0 8 0 0 8 0 1 6 2 0 1
1 0 8 0 0 8 0 2 2 8 0 0
2 0 7 0 0 8 0 0 8 6 0 0
32 6 2 6 0 -1 -1 2 3
0 0 7 0 0 8 0 1 6 2 0 1
1 0 7 0 0 8 0 2 2 5 0 0
2 0 7 0 0 8 0 0 5 6 0 0
33 6 9 6 1 0 0 9 3
0 0 6 0 0 8 0 1 6 9 0 0
1 0 7 0 0 8 0 2 9 5 0 1
2 0 8 0 0 8 0 0 5 6 0 0
36 6 1 4 1 0 0 6 3
0 0 6 0 0 8 0 1 6 1 0 1
1 0 7 0 0 8 0 2 1 4 0 0
2 0 6 0 0 8 0 0 4 6 0 0
40 6 2 8 1 0 0 6 3
0 0 6 0 0 8 0 1 6 2 0 1
1 0 8 0 0 8 0 2 2 8 0 0
2 0 6 0 0 8 0 0 8 6 0 0
53 6 3 3 1 0 0 4 3
0 0 7 0 0 8 0 1 6 3 0 1
1 0 6 0 0 8 0 2 3 4 0 0
2 0 7 0 0 8 0 0 4 6 0 0
59 6 9 2 1 0 0 6 3
0 0 8 0 0 8 0 1 6 9 0 0
1 0 7 0 0 8 0 2 9 2 0 1
2 0 6 0 0 8 0 0 2 6 0 0
91 6 2 6 0 -1 -1 2 3
0 0 7 0 0 8 0 1 6 2 0 1
1 0 7 0 0 8 0 2 2 0 0 1
2 0 7 0 0 8 0 0 0 6 0 0
117 6 5 9 1 0 1 6 3
0 0 7 0 0 8 0 1 6 5 0 1
1 0 8 0 0 8 0 2 5 9 0 0
2 0 6 0 0 8 0 0 9 6 0 1
120 6 2 5 1 0 0 6 3
0 0 8 0 0 8 0 1 6 2 0 1
1 0 7 0 0 8 0 2 2 5 0 0
2 0 6 0 0 8 0 0 5 6 0 0
125 6 4 6 0 -1 -1 4 3
0 0 8 0 0 8 0 1 6 4 0 1
1 0 8 0 0 8 0 2 4 1 0 1
2 0 7 0 0 8 0 0 1 6 0 0
140 6 0 4 1 0 0 6 3
0 0 8 0 0 8 0 1 6 0 0 1
1 0 7 0 0 8 0 2 0 4 0 0
2 0 6 0 0 8 0 0 4 6 0 0
148 6 2 2 1 0 0 9 3
0 0 8 0 0 8 0 1 6 2 0 1
1 0 6 0 0 8 0 2 2 9 0 0
2 0 8 0 0 8 0 0 9 6 0 1
159 6 8 9 1 0 1 6 3
0 0 8 0 0 8 0 1 6 8 0 1
1 0 7 0 0 8 0 2 8 9 0 0
2 0 6 0 0 8 0 0 9 6 0 1
160 6 5 7 1 0 0 6 3
0 0 6 0 0 8 0 1 6 5 0 1
1 0 7 0 0 8 0 2 5 7 0 0
2 0 6 0 0 8 0 0 7 6 0 0
177 6 5 8 1 0 0 6 3
0 0 6 0 0 8 0 1 6 5 0 1
1 0 6 0 0 8 0 2 5 8 0 0
2 0 6 0 0 8 0 0 8 6 0 0
178 6 0 6 1 0 1 0 3
0 0 6 0 0 8 0 1 6 0 0 1
1 0 8 0 0 8 0 2 0 2 0 0
2 0 8 0 0 8 0 0 2 6 0 0
182 6 7 6 0 -1 -1 7 3
0 0 8 0 0 8 0 1 6 7 0 1
1 0 8 0 0 8 0 2 7 5 0 1
2 0 7 0 0 8 0 0 5 6 0 0
186 6 4 4 1 0 0 2 3
0 0 7 0 0 8 0 1 6 4 0 1
1 0 6 0 0 8 0 2 4 2 0 0
2 0 8 0 0 8 0 0 2 6 0 0
188 6 5 7 1 0 0 6 3
0 0 6 0 0 8 0 1 6 5 0 1
1 0 8 0 0 8 0 2 5 7 0 0
2 0 6 0 0 8 0 0 7 6 0 0
194 6 5 3 1 0 0 6 3
0 0 8 0 0 8 0 1 6 5 0 1
1 0 6 0 0 8 0 2 5 3 0 1
2 0 6 0 0 8 0 0 3 6 0 0
201 6 8 6 0 -1 -1 8 3
0 0 8 0 0 8 0 1 6 8 0 1
1 0 7 0 0 8 0 2 8 3 0 1
2 0 7 0 0 8 0 0 3 6 0 0
212 6 7 1 1 0 0 6 3
0 0 8 0 0 8 0 1 6 7 0 1
1 0 6 0 0 8 0 2 7 1 0 1
2 0 6 0 0 8 0 0 1 6 0 0
213 6 3 6 0 -1 -1 3 3
0 0 7 0 0 8 0 1 6 3 0 1
1 0 8 0 0 8 0 2 3 4 0 0
2 0 8 0 0 8 0 0 4 6 0 0
229 6 0 6 0 -1 -1 0 3
0 0 8 0 0 8 0 1 6 0 0 1
1 0 7 0 0 8 0 2 0 8 0 0
2 0 7 0 0 8 0 0 8 6 0 0
238 6 5 5 1 0 0 7 3
0 0 7 0 0 8 0 1 6 5 0 1
1 0 6 0 0 8 0 2 5 7 0 0
2 0 8 0 0 8 0 0 7 6 0 0
242 6 0 6 0 -1 -1 0 3
0 0 7 0 0 8 0 1 6 0 0 1
1 0 8 0 0 8 0 2 0 8 0 0
2 0 8 0 0 8 0 0 8 6 0 0
265 6 7 7 1 0 1 3 3
0 0 8 0 0 8 0 1 6 7 0 1
1 0 6 0 0 8 0 2 7 3 0 1
2 0 7 0 0 8 0 0 3 6 0 0
268 6 5 5 1 0 0 8 3
0 0 6 0 0 8 0 1 6 5 0 1
1 0 6 0 0 8 0 2 5 8 0 0
2 0 8 0 0 8 0 0 8 6 0 0
280 6 4 4 1 0 0 9 3
0 0 6 0 0 8 0 1 6 4 0 1
1 0 6 0 0 8 0 2 4 9 0 0
2 0 8 0 0 8 0 0 9 6 0 1
10 7 9 7 1 0 0 9 3
0 0 6 0 0 8 0 1 7 9 0 0
1 0 7 0 0 8 0 2 9 1 0 1
2 0 8 0 0 8 0 0 1 7 0 0
19 7 5 1 1 0 0 7 3
0 0 8 0 0 8 0 1 7 5 0 1
1 0 8 0 0 8 0 2 5 1 0 1
2 0 6 0 0 8 0 0 1 7 0 0
23 7 8 8 1 0 1 4 3
0 0 7 0 0 8 0 1 7 8 0 0
1 0 6 0 0 8 0 2 8 4 0 1
2 0 8 0 0 8 0 0 4 7 0 0
37 7 2 2 1 0 1 1 3
0 0 8 0 0 8 0 1 7 2 0 1
1 0 6 0 0 8 0 2 2 1 0 1
2 0 8 0 0 8 0 0 1 7 0 0
49 7 5 0 1 0 0 7 3
0 0 6 0 0 8 0 1 7 5 0 1
1 0 8 0 0 8 0 2 5 0 0 1
2 0 6 0 0 8 0 0 0 7 0 0
50 7 1 7 0 -1 -1 1 3
0 0 7 0 0 8 0 1 7 1 0 1
1 0 8 0 0 8 0 2 1 4 0 0
2 0 7 0 0 8 0 0 4 7 0 0
63 7 5 7 1 0 1 5 3
0 0 6 0 0 8 0 1 7 5 0 1
1 0 8 0 0 8 0 2 5 2 0 1
2 0 8 0 0 8 0 0 2 7 0 0
66 7 4 4 1 0 1 3 3
0 0 6 0 0 8 0 1 7 4 0 1
1 0 6 0 0 8 0 2 4 3 0 1
2 0 7 0 0 8 0 0 3 7 0 0
70 7 5 7 0 -1 -1 5 3
0 0 8 0 0 8 0 1 7 5 0 1
1 0 8 0 0 8 0 2 5 3 0 1
2 0 7 0 0 8 0 0 3 7 0 0
85 7 9 9 1 0 1 5 3
0 0 7 0 0 8 0 1 7 9 0 0
1 0 6 0 0 8 0 2 9 5 0 1
2 0 7 0 0 8 0 0 5 7 0 0
98 7 2 7 1 0 1 2 3
0 0 6 0 0 8 0 1 7 2 0 1
1 0 7 0 0 8 0 2 2 3 0 1
2 0 8 0 0 8 0 0 3 7 0 0
113 7 5 5 1 0 1 4 3
0 0 6 0 0 8 0 1 7 5 0 1
1 0 6 0 0 8 0 2 5 4 0 1
2 0 8 0 0 8 0 0 4 7 0 0
124 7 6 3 1 0 0 7 3
0 0 7 0 0 8 0 1 7 6 0 0
1 0 6 0 0 8 0 2 6 3 0 1
2 0 6 0 0 8 0 0 3 7 0 0
130 7 6 7 0 -1 -1 6 3
0 0 8 0 0 8 0 1 7 6 0 0
1 0 8 0 0 8 0 2 6 0 0 1
2 0 7 0 0 8 0 0 0 7 0 0
135 7 1 7 1 0 1 1 3
0 0 6 0 0 8 0 1 7 1 0 1
1 0 7 0 0 8 0 2 1 5 0 0
2 0 7 0 0 8 0 0 5 7 0 0
142 7 3 0 1 0 0 7 3
0 0 6 0 0 8 0 1 7 3 0 1
1 0 7 0 0 8 0 2 3 0 0 1
2 0 6 0 0 8 0 0 0 7 0 0
164 7 8 7 1 0 0 8 3
0 0 6 0 0 8 0 1 7 8 0 0
1 0 8 0 0 8 0 2 8 1 0 1
2 0 7 0 0 8 0 0 1 7 0 0
168 7 1 1 1 0 0 9 3
0 0 8 0 0 8 0 1 7 1 0 1
1 0 6 0 0 8 0 2 1 9 0 0
2 0 8 0 0 8 0 0 9 7 0 1
169 7 3 9 1 0 1 7 3
0 0 6 0 0 8 0 1 7 3 0 1
1 0 8 0 0 8 0 2 3 9 0 0
2 0 6 0 0 8 0 0 9 7 0 1
176 7 6 7 0 -1 -1 6 3
0 0 7 0 0 8 0 1 7 6 0 0
1 0 7 0 0 8 0 2 6 3 0 1
2 0 7 0 0 8 0 0 3 7 0 0
183 7 1 1 1 0 0 5 3
0 0 8 0 0 8 0 1 7 1 0 1
1 0 6 0 0 8 0 2 1 5 0 0
2 0 7 0 0 8 0 0 5 7 0 0
190 7 9 7 0 -1 -1 9 3
0 0 8 0 0 8 0 1 7 9 0 0
1 0 8 0 0 8 0 2 9 5 0 1
2 0 8 0 0 8 0 0 5 7 0 0
195 7 2 7 0 -1 -1 2 3
0 0 7 0 0 8 0 1 7 2 0 1
1 0 8 0 0 8 0 2 2 4 0 1
2 0 7 0 0 8 0 0 4 7 0 0
200 7 6 7 0 -1 -1 6 3
0 0 8 0 0 8 0 1 7 6 0 0
1 0 8 0 0 8 0 2 6 8 0 1
2 0 8 0 0 8 0 0 8 7 0 1
228 7 8 7 0 -1 -1 8 3
0 0 7 0 0 8 0 1 7 8 0 0
1 0 7 0 0 8 0 2 8 0 0 1
2 0 8 0 0 8 0 0 0 7 0 0
236 7 4 9 1 0 1 7 3
0 0 6 0 0 8 0 1 7 4 0 1
1 0 7 0 0 8 0 2 4 9 0 0
2 0 6 0 0 8 0 0 9 7 0 1
247 7 1 7 0 -1 -1 1 3
0 0 7 0 0 8 0 1 7 1 0 1
1 0 8 0 0 8 0 2 1 0 0 1
2 0 7 0 0 8 0 0 0 7 0 0
253 7 4 4 1 0 0 5 3
0 0 8 0 0 8 0 1 7 4 0 1
1 0 6 0 0 8 0 2 4 5 0 0
2 0 7 0 0 8 0 0 5 7 0 0
282 7 2 7 0 -1 -1 2 3
0 0 7 0 0 8 0 1 7 2 0 1
1 0 8 0 0 8 0 2 2 6 0 0
2 0 7 0 0 8 0 0 6 7 0 1
290 7 4 7 0 -1 -1 4 3
0 0 8 0 0 8 0 1 7 4 0 1
1 0 7 0 0 8 0 2 4 6 0 0
2 0 8 0 0 8 0 0 6 7 0 1
293 7 3 7 1 0 1 3 3
0 0 6 0 0 8 0 1 7 3 0 1
1 0 8 0 0 8 0 2 3 5 0 0
2 0 7 0 0 8 0 0 5 7 0 0
42 8 1 3 1 0 0 8 3
0 0 8 0 0 8 0 1 8 1 0 1
1 0 7 0 0 8 0 2 1 3 0 1
2 0 6 0 0 8 0 0 3 8 0 0
57 8 7 5 1 0 0 8 3
0 0 6 0 0 8 0 1 8 7 0 1
1 0 6 0 0 8 0 2 7 5 0 1
2 0 6 0 0 8 0 0 5 8 0 0
61 8 0 0 1 0 0 7 3
0 0 7 0 0 8 0 1 8 0 0 1
1 0 6 0 0 8 0 2 0 7 0 0
2 0 8 0 0 8 0 0 7 8 0 0
74 8 4 8 0 -1 -1 4 3
0 0 8 0 0 8 0 1 8 4 0 1
1 0 8 0 0 8 0 2 4 0 0 1
2 0 8 0 0 8 0 0 0 8 0 0
76 8 6 8 1 0 0 6 3
0 0 6 0 0 8 0 1 8 6 0 0
1 0 8 0 0 8 0 2 6 5 0 1
2 0 7 0 0 8 0 0 5 8 0 0
83 8 9 3 1 0 0 8 3
0 0 6 0 0 8 0 1 8 9 0 0
1 0 8 0 0 8 0 2 9 3 0 1
2 0 6 0 0 8 0 0 3 8 0 0
92 8 9 8 0 -1 -1 9 3
0 0 7 0 0 8 0 1 8 9 0 0
1 0 8 0 0 8 0 2 9 1 0 1
2 0 7 0 0 8 0 0 1 8 0 0
126 8 3 7 1 0 0 8 3
0 0 7 0 0 8 0 1 8 3 0 1
1 0 7 0 0 8 0 2 3 7 0 0
2 0 6 0 0 8 0 0 7 8 0 0
139 8 4 2 1 0 0 8 3
0 0 6 0 0 8 0 1 8 4 0 1
1 0 8 0 0 8 0 2 4 2 0 0
2 0 6 0 0 8 0 0 2 8 0 0
153 8 0 8 0 -1 -1 0 3
0 0 8 0 0 8 0 1 8 0 0 1
1 0 7 0 0 8 0 2 0 2 0 0
2 0 7 0 0 8 0 0 2 8 0 0
174 8 2 6 1 0 1 8 3
0 0 8 0 0 8 0 1 8 2 0 1
1 0 8 0 0 8 0 2 2 6 0 0
2 0 6 0 0 8 0 0 6 8 0 1
179 8 5 8 0 -1 -1 5 3
0 0 8 0 0 8 0 1 8 5 0 1
1 0 8 0 0 8 0 2 5 6 0 0
2 0 7 0 0 8 0 0 6 8 0 1
180 8 0 3 1 0 0 8 3
0 0 6 0 0 8 0 1 8 0 0 1
1 0 7 0 0 8 0 2 0 3 0 0
2 0 6 0 0 8 0 0 3 8 0 0
209 8 0 6 1 0 1 8 3
0 0 8 0 0 8 0 1 8 0 0 1
1 0 7 0 0 8 0 2 0 6 0 0
2 0 6 0 0 8 0 0 6 8 0 1
215 8 6 6 1 0 1 1 3
0 0 8 0 0 8 0 1 8 6 0 0
1 0 6 0 0 8 0 2 6 1 0 1
2 0 7 0 0 8 0 0 1 8 0 0
219 8 3 8 0 -1 -1 3 3
0 0 8 0 0 8 0 1 8 3 0 1
1 0 8 0 0 8 0 2 3 2 0 0
2 0 8 0 0 8 0 0 2 8 0 0
245 8 3 3 1 0 0 2 3
0 0 7 0 0 8 0 1 8 3 0 1
1 0 6 0 0 8 0 2 3 2 0 0
2 0 8 0 0 8 0 0 2 8 0 0
254 8 2 8 1 0 1 2 3
0 0 6 0 0 8 0 1 8 2 0 1
1 0 8 0 0 8 0 2 2 6 0 0
2 0 8 0 0 8 0 0 6 8 0 1
262 8 0 2 1 0 0 8 3
0 0 7 0 0 8 0 1 8 0 0 1
1 0 8 0 0 8 0 2 0 2 0 0
2 0 6 0 0 8 0 0 2 8 0 0
266 8 5 1 1 0 0 8 3
0 0 8 0 0 8 0 1 8 5 0 1
1 0 8 0 0 8 0 2 5 1 0 1
2 0 6 0 0 8 0 0 1 8 0 0
267 8 9 8 0 -1 -1 9 3
0 0 8 0 0 8 0 1 8 9 0 0
1 0 8 0 0 8 0 2 9 4 0 1
2 0 8 0 0 8 0 0 4 8 0 0
269 8 3 3 1 0 0 4 3
0 0 8 0 0 8 0 1 8 3 0 1
1 0 6 0 0 8 0 2 3 4 0 0
2 0 7 0 0 8 0 0 4 8 0 0
284 8 2 8 1 0 1 2 3
0 0 6 0 0 8 0 1 8 2 0 1
1 0 7 0 0 8 0 2 2 5 0 0
2 0 8 0 0 8 0 0 5 8 0 0
288 8 6 6 1 0 0 9 3
0 0 6 0 0 8 0 1 8 6 0 0
1 0 6 0 0 8 0 2 6 9 0 0
2 0 7 0 0 8 0 0 9 8 0 1
51 9 0 1 1 0 0 9 3
0 0 8 0 0 8 0 1 9 0 0 1
1 0 7 0 0 8 0 2 0 1 0 0
2 0 6 0 0 8 0 0 1 9 0 0
52 9 7 4 1 0 0 9 3
0 0 7 0 0 8 0 1 9 7 0 1
1 0 6 0 0 8 0 2 7 4 0 1
2 0 6 0 0 8 0 0 4 9 0 0
55 9 7 4 1 0 0 9 3
0 0 6 0 0 8 0 1 9 7 0 1
1 0 8 0 0 8 0 2 7 4 0 1
2 0 6 0 0 8 0 0 4 9 0 0
81 9 5 7 1 0 0 9 3
0 0 6 0 0 8 0 1 9 5 0 1
1 0 7 0 0 8 0 2 5 7 0 0
2 0 6 0 0 8 0 0 7 9 0 0
86 9 7 9 0 -1 -1 7 3
0 0 7 0 0 8 0 1 9 7 0 1
1 0 7 0 0 8 0 2 7 8 0 0
2 0 8 0 0 8 0 0 8 9 0 0
109 9 5 5 1 0 1 2 3
0 0 8 0 0 8 0 1 9 5 0 1
1 0 6 0 0 8 0 2 5 2 0 1
2 0 8 0 0 8 0 0 2 9 0 0
131 9 3 7 1 0 0 9 3
0 0 8 0 0 8 0 1 9 3 0 1
1 0 7 0 0 8 0 2 3 7 0 0
2 0 6 0 0 8 0 0 7 9 0 0
136 9 0 9 0 -1 -1 0 3
0 0 7 0 0 8 0 1 9 0 0 1
1 0 7 0 0 8 0 2 0 2 0 0
2 0 8 0 0 8 0 0 2 9 0 0
144 9 7 8 1 0 0 9 3
0 0 6 0 0 8 0 1 9 7 0 1
1 0 8 0 0 8 0 2 7 8 0 0
2 0 6 0 0 8 0 0 8 9 0 0
165 9 1 1 1 0 0 5 3
0 0 7 0 0 8 0 1 9 1 0 1
1 0 6 0 0 8 0 2 1 5 0 0
2 0 7 0 0 8 0 0 5 9 0 0
167 9 8 3 1 0 0 9 3
0 0 6 0 0 8 0 1 9 8 0 1
1 0 6 0 0 8 0 2 8 3 0 1
2 0 6 0 0 8 0 0 3 9 0 0
175 9 4 9 0 -1 -1 4 3
0 0 7 0 0 8 0 1 9 4 0 1
1 0 7 0 0 8 0 2 4 2 0 0
2 0 8 0 0 8 0 0 2 9 0 0
185 9 5 7 1 0 0 9 3
0 0 6 0 0 8 0 1 9 5 0 1
1 0 8 0 0 8 0 2 5 7 0 0
2 0 6 0 0 8 0 0 7 9 0 0
208 9 0 9 0 -1 -1 0 3
0 0 7 0 0 8 0 1 9 0 0 1
1 0 7 0 0 8 0 2 0 4 0 0
2 0 8 0 0 8 0 0 4 9 0 0
224 9 5 1 1 0 0 9 3
0 0 6 0 0 8 0 1 9 5 0 1
1 0 6 0 0 8 0 2 5 1 0 1
2 0 6 0 0 8 0 0 1 9 0 0
226 9 0 9 0 -1 -1 0 3
0 0 7 0 0 8 0 1 9 0 0 1
1 0 7 0 0 8 0 2 0 2 0 0
2 0 8 0 0 8 0 0 2 9 0 0
232 9 6 9 0 -1 -1 6 3
0 0 7 0 0 8 0 1 9 6 0 1
1 0 7 0 0 8 0 2 6 4 0 1
2 0 7 0 0 8 0 0 4 9 0 0
233 9 8 9 0 -1 -1 8 3
0 0 8 0 0 8 0 1 9 8 0 1
1 0 8 0 0 8 0 2 8 3 0 1
2 0 8 0 0 8 0 0 3 9 0 0
275 9 0 9 0 -1 -1 0 3
0 0 7 0 0 8 0 1 9 0 0 1
1 0 7 0 0 8 0 2 0 2 0 0
2 0 8 0 0 8 0 0 2 9 0 0
279 9 8 9 0 -1 -1 8 3
0 0 7 0 0 8 0 1 9 8 0 1
1 0 7 0 0 8 0 2 8 1 0 1
2 0 7 0 0 8 0 0 1 9 0 0
285 9 1 7 1 0 0 9 3
0 0 8 0 0 8 0 1 9 1 0 1
1 0 8 0 0 8 0 2 1 7 0 0
2 0 6 0 0 8 0 0 7 9 0 0