0 3 11 0 0 11 10
3 4 3
3 5 3 
3 6 3 
3 7 3 
3 8 3
3 9 3
3 10 3
3 11 3
3 12 9
2 12 12
3 1 5 0 0 5 4 
1 13 3
1 14 5
2 14 12
3 14 12
1 4 7 0 0 7 6
4 13 3
4 12 3
4 11 6
5 11 12
6 11 12
7 11 12
4 2 9 0 0 9 8
8 10 3
8 9 3
8 8 3
8 7 15
8 6 3
8 5 6
9 5 12
10 5 12
2 5 7 0 0 7 6
11 6 3
11 7 9
10 7 12
9 7 12
8 7 15
7 7 12
5 7 17 0 0 17 16
6 6 3 
6 5 3 
6 4 3 
6 3 3 
6 2 6 
7 2 12
8 2 12
9 2 12
10 2 12
11 2 12 
12 2 12
13 2 12
14 2 12
15 2 12
16 2 12
17 2 12
7 8 13 0 0 13 12
18 3 3
18 4 3
18 5 3
18 6 3
18 7 3
18 8 3
18 9 3
18 10 9
17 10 12
16 10 12
15 10 12
14 10 12
8 6 7 0 0 7 6
13 11 3 
13 12 3
13 13 3
13 14 3
13 15 5
14 15 12
6 9 5 0 0 5 4
15 14 3 
15 13 3
15 12 6
16 12 12